  5.16638067E-03 -1.22350923E+01
  4.04895246E-02 -2.96012031E+00
  4.96547446E-02 -2.57419663E+00
  2.39841901E-02 -4.23969140E+00
  4.70151715E-02 -2.67223801E+00
  6.66182712E-02 -2.10567164E+00
  5.54759055E-02 -2.38623326E+00
  5.17967902E-02 -2.50088535E+00
  5.54759055E-02 -2.38623326E+00
  2.74987333E-02 -3.85960576E+00
  5.49163595E-02 -2.40283146E+00
  7.41311684E-02 -1.95750166E+00
  4.13652882E-02 -2.91704914E+00
  5.49163595E-02 -2.40283146E+00
  6.92310333E-02 -2.05106804E+00
  5.35442196E-02 -2.44477075E+00
  3.90976518E-02 -3.03191517E+00
  4.43505011E-02 -2.78112566E+00
  1.71672478E-02 -5.33612090E+00
  4.53193523E-02 -2.74028391E+00
  6.35271370E-02 -2.17513591E+00
  4.77829576E-02 -2.64277725E+00
  5.11083230E-02 -2.52388137E+00
  6.85657039E-02 -2.06463886E+00
  2.45367829E-02 -4.17385214E+00
  5.51391356E-02 -2.39618901E+00
  7.18530416E-02 -1.99966122E+00
  3.77609245E-02 -3.10505536E+00
  5.48486896E-02 -2.40485818E+00
  7.15160295E-02 -2.00609016E+00
  5.11083230E-02 -2.52388137E+00
  5.56393377E-02 -2.38143852E+00
  3.90976518E-02 -3.03191517E+00
  1.11273760E-02 -7.19536838E+00
  4.36173715E-02 -2.81304702E+00
  5.95004782E-02 -2.27467864E+00
  3.93439196E-02 -3.01889994E+00
  5.00048995E-02 -2.56185029E+00
  6.92310333E-02 -2.05106804E+00
  6.23618476E-02 -2.20282503E+00
  5.54759055E-02 -2.38623326E+00
  6.76091239E-02 -2.08454477E+00
  3.41840275E-02 -3.32426618E+00
  5.48449494E-02 -2.40497032E+00
  7.34199211E-02 -1.97042690E+00
  4.81753759E-02 -2.62802671E+00
  5.54759055E-02 -2.38623326E+00
  6.43103495E-02 -2.15700276E+00
  6.77285995E-03 -1.01420854E+01
  4.19937819E-02 -2.88707755E+00
  5.47885746E-02 -2.40666217E+00
  3.13283354E-02 -3.52923511E+00
  4.86075878E-02 -2.61201361E+00
  6.85657039E-02 -2.06463886E+00
  6.07112050E-02 -2.24357745E+00
  5.19500896E-02 -2.49583505E+00
  6.18746728E-02 -2.21466169E+00
  3.07352096E-02 -3.57582205E+00
  5.48486896E-02 -2.40485818E+00
  7.44930357E-02 -1.95100562E+00
  4.48807627E-02 -2.75858793E+00
  5.51391356E-02 -2.39618901E+00
  6.67937621E-02 -2.10189129E+00
  5.53683937E-02 -2.38940046E+00
  6.77285995E-03 -1.01420854E+01
  3.71584557E-02 -3.13946962E+00
  5.40926009E-02 -2.42779396E+00
  3.05029582E-02 -3.59448106E+00
  4.47384231E-02 -2.76459344E+00
  7.01481625E-02 -2.03271817E+00
  6.18746728E-02 -2.21466169E+00
  5.02998047E-02 -2.55156482E+00
  6.07112050E-02 -2.24357745E+00
  2.79450081E-02 -3.81718224E+00
  4.62997891E-02 -2.70042932E+00
  7.18359575E-02 -1.99998589E+00
  4.28386368E-02 -2.84796283E+00
  4.67605554E-02 -2.68218817E+00
  6.67937621E-02 -2.10189129E+00
  5.54221161E-02 -2.38781655E+00
  3.55448015E-02 -3.23647827E+00
  4.86539379E-02 -2.61031066E+00
  2.31814645E-02 -4.34004478E+00
  4.27979603E-02 -2.84981611E+00
  6.75115362E-02 -2.08660227E+00
  5.51391356E-02 -2.39618901E+00
  4.94664796E-02 -2.58089580E+00
  7.01481625E-02 -2.03271817E+00
  2.47492958E-02 -4.14919606E+00
  4.67605554E-02 -2.68218817E+00
  7.11605474E-02 -2.01292711E+00
  3.89884524E-02 -3.03773081E+00
  4.62997891E-02 -2.70042932E+00
  6.85657039E-02 -2.06463886E+00
  5.30097000E-02 -2.46160355E+00
  5.09573817E-02 -2.52899318E+00
  4.31529172E-02 -2.83374339E+00
  1.62322074E-02 -5.54594897E+00
  4.08304967E-02 -2.94316522E+00
  6.37901351E-02 -2.16900498E+00
  4.67605554E-02 -2.68218817E+00
  4.81753759E-02 -2.62802671E+00
  7.15160295E-02 -2.00609016E+00
  6.52507097E-02 -2.13571793E+00
  4.77829576E-02 -2.64277725E+00
  6.90102279E-02 -2.05554734E+00
  3.51473913E-02 -3.26152164E+00
  4.61792946E-02 -2.70525025E+00
  7.01481625E-02 -2.03271817E+00
  5.00048995E-02 -2.56185029E+00
  4.93260883E-02 -2.58591956E+00
  6.30109310E-02 -2.18729507E+00
  1.03075588E-02 -7.58583324E+00
  3.89280133E-02 -3.04096147E+00
  5.92270456E-02 -2.28185102E+00
  3.83194908E-02 -3.07396828E+00
  4.65613678E-02 -2.69003631E+00
  7.15160295E-02 -2.00609016E+00
  6.53944835E-02 -2.13250925E+00
  5.05688041E-02 -2.54227134E+00
  6.53944835E-02 -2.13250925E+00
  3.14339586E-02 -3.52109519E+00
  4.61792946E-02 -2.70525025E+00
  7.13535622E-02 -2.00920774E+00
  4.65613678E-02 -2.69003631E+00
  4.77829576E-02 -2.64277725E+00
  6.49209991E-02 -2.14312156E+00
  5.71106225E-02 -2.33932091E+00
  1.11273760E-02 -7.19536838E+00
  3.43613476E-02 -3.31249395E+00
  5.87461479E-02 -2.29460204E+00
  3.79974395E-02 -3.09179776E+00
  4.28386368E-02 -2.84796283E+00
  7.34199211E-02 -1.97042690E+00
  6.76091239E-02 -2.08454477E+00
  4.91852798E-02 -2.59098258E+00
  6.23618476E-02 -2.20282503E+00
  2.88483165E-02 -3.73472578E+00
  3.79974395E-02 -3.09179776E+00
  6.80663437E-02 -2.07497135E+00
  4.47384231E-02 -2.76459344E+00
  3.93439196E-02 -3.01889994E+00
  6.43103495E-02 -2.15700276E+00
  5.73329851E-02 -2.33311458E+00
  3.25384252E-02 -3.43866651E+00
  5.32636307E-02 -2.45357132E+00
  3.03051881E-02 -3.61056040E+00
  4.06789742E-02 -2.95067012E+00
  7.13535622E-02 -2.00920774E+00
  6.25839978E-02 -2.19747925E+00
  4.81821559E-02 -2.62777365E+00
  7.13535622E-02 -2.00920774E+00
  2.53940150E-02 -4.07653873E+00
  3.83194908E-02 -3.07396828E+00
  6.80422187E-02 -2.07547377E+00
  4.06789742E-02 -2.95067012E+00
  3.83194908E-02 -3.07396828E+00
  6.55280948E-02 -2.12953803E+00
  5.50766997E-02 -2.39804606E+00
  4.73810695E-02 -2.65809748E+00
  4.75953296E-02 -2.64990254E+00
  2.29926109E-02 -4.36451427E+00
  3.84897850E-02 -3.06464248E+00
  6.80663437E-02 -2.07497135E+00
  5.49163595E-02 -2.40283146E+00
  4.67041731E-02 -2.68440394E+00
  7.34199211E-02 -1.97042690E+00
  6.71621114E-02 -2.09401076E+00
  3.93439196E-02 -3.01889994E+00
  6.71621114E-02 -2.09401076E+00
  3.65886278E-02 -3.17289912E+00
  3.79974395E-02 -3.09179776E+00
  6.66182712E-02 -2.10567164E+00
  5.21129146E-02 -2.49049845E+00
  4.42494005E-02 -2.78547453E+00
  6.16604052E-02 -2.21991762E+00
  1.62322074E-02 -5.54594897E+00
  3.63587663E-02 -3.18663463E+00
  6.37749434E-02 -2.16935796E+00
  4.62997891E-02 -2.70042932E+00
  4.48807627E-02 -2.75858793E+00
  7.41248950E-02 -1.95761475E+00
  6.90102279E-02 -2.05554734E+00
  4.96389046E-02 -2.57475862E+00
  6.52507097E-02 -2.13571793E+00
  3.26070078E-02 -3.43370413E+00
  3.79557498E-02 -3.09412449E+00
  6.75115362E-02 -2.08660227E+00
  4.86075878E-02 -2.61201361E+00
  4.13618498E-02 -2.91721522E+00
  6.30109310E-02 -2.18729507E+00
  5.87461479E-02 -2.29460204E+00
  1.71672478E-02 -5.33612090E+00
  3.20567824E-02 -3.47402158E+00
  6.33331239E-02 -2.17968622E+00
  4.61792946E-02 -2.70525025E+00
  4.13652882E-02 -2.91704914E+00
  7.58603439E-02 -1.92693374E+00
  7.18530416E-02 -1.99966122E+00
  4.85840328E-02 -2.61288010E+00
  6.06683493E-02 -2.24466041E+00
  3.02190594E-02 -3.61761856E+00
  3.03051881E-02 -3.61056040E+00
  6.37901351E-02 -2.16900498E+00
  4.70151715E-02 -2.67223801E+00
  3.32854241E-02 -3.38555037E+00
  6.18597195E-02 -2.21502749E+00
  5.92270456E-02 -2.28185102E+00
  3.00497748E-02 -3.63159097E+00
  5.79798445E-02 -2.31528912E+00
  3.79557498E-02 -3.09412449E+00
  3.89884524E-02 -3.03773081E+00
  7.44930357E-02 -1.95100562E+00
  6.91105127E-02 -2.05350995E+00
  4.73533198E-02 -2.65916343E+00
  7.18359575E-02 -1.99998589E+00
  2.64865588E-02 -3.96028726E+00
  3.05029582E-02 -3.59448106E+00
  6.37749434E-02 -2.16935796E+00
  4.27979603E-02 -2.84981611E+00
  3.13283354E-02 -3.52923511E+00
  6.25215098E-02 -2.19897970E+00
  5.72445281E-02 -2.33557861E+00
  4.54489514E-02 -2.73493244E+00
  5.22717722E-02 -2.48531896E+00
  3.03051881E-02 -3.61056040E+00
  3.65886278E-02 -3.17289912E+00
  7.18359575E-02 -1.99998589E+00
  6.30201697E-02 -2.18707597E+00
  4.56642844E-02 -2.72609761E+00
  7.44930357E-02 -1.95100562E+00
  6.80422187E-02 -2.07547377E+00
  3.13283354E-02 -3.52923511E+00
  6.33331239E-02 -2.17968622E+00
  3.84897850E-02 -3.06464248E+00
  3.05029582E-02 -3.59448106E+00
  6.30866885E-02 -2.18550009E+00
  5.44317476E-02 -2.41743945E+00
  4.09063175E-02 -2.93942747E+00
  6.02523461E-02 -2.25524037E+00
  2.31814645E-02 -4.34004478E+00
  3.42525207E-02 -3.31970671E+00
  6.80422187E-02 -2.07547377E+00
  5.48486896E-02 -2.40485818E+00
  4.36267667E-02 -2.81263221E+00
  7.58603439E-02 -1.92693374E+00
  7.11605474E-02 -2.01292711E+00
  4.93091755E-02 -2.58652640E+00
  6.23189025E-02 -2.20386216E+00
  3.42525207E-02 -3.31970671E+00
  3.03051881E-02 -3.61056040E+00
  6.35271370E-02 -2.17513591E+00
  5.09580597E-02 -2.52897016E+00
  3.65762338E-02 -3.17363601E+00
  6.11110032E-02 -2.23353640E+00
  6.02523461E-02 -2.25524037E+00
  2.39841901E-02 -4.23969140E+00
  3.02190594E-02 -3.61761856E+00
  6.71621114E-02 -2.09401076E+00
  5.48449494E-02 -2.40497032E+00
  4.03593257E-02 -2.96665840E+00
  7.65710324E-02 -1.91470901E+00
  7.41311684E-02 -1.95750166E+00
  4.85840328E-02 -2.61288010E+00
  5.68782538E-02 -2.34585029E+00
  3.20567824E-02 -3.47402158E+00
  2.29926109E-02 -4.36451427E+00
  5.95004782E-02 -2.27467864E+00
  4.96394970E-02 -2.57473760E+00
  2.92327292E-02 -3.70094744E+00
  5.95004782E-02 -2.27467864E+00
  6.11110032E-02 -2.23353640E+00
  2.80375779E-02 -3.80852572E+00
  6.23189025E-02 -2.20386216E+00
  4.61792946E-02 -2.70525025E+00
  3.77609245E-02 -3.10505536E+00
  7.59560168E-02 -1.92527681E+00
  7.37497732E-02 -1.96440645E+00
  4.70651202E-02 -2.67029674E+00
  7.11605474E-02 -2.01292711E+00
  2.80375779E-02 -3.80852572E+00
  2.31814645E-02 -4.34004478E+00
  5.92270456E-02 -2.28185102E+00
  4.53193523E-02 -2.74028391E+00
  2.58870088E-02 -4.02305389E+00
  5.96368164E-02 -2.27112314E+00
  5.95004782E-02 -2.27467864E+00
  4.54489514E-02 -2.73493244E+00
  5.68782538E-02 -2.34585029E+00
  3.79974395E-02 -3.09179776E+00
  3.51473913E-02 -3.26152164E+00
  7.41311684E-02 -1.95750166E+00
  6.99845627E-02 -2.03596170E+00
  4.51216772E-02 -2.74849641E+00
  7.41311684E-02 -1.95750166E+00
  6.80663437E-02 -2.07497135E+00
  2.39841901E-02 -4.23969140E+00
  5.87461479E-02 -2.29460204E+00
  4.08304967E-02 -2.94316522E+00
  2.39841901E-02 -4.23969140E+00
  5.96780069E-02 -2.27005164E+00
  5.69366366E-02 -2.34420554E+00
  3.97391506E-02 -2.99829751E+00
  5.87461479E-02 -2.29460204E+00
  3.05029582E-02 -3.59448106E+00
  3.26070078E-02 -3.43370413E+00
  7.11605474E-02 -2.01292711E+00
  6.32407367E-02 -2.18186132E+00
  4.28484119E-02 -2.84751790E+00
  7.59560168E-02 -1.92527681E+00
  7.18359575E-02 -1.99998589E+00
  4.96389046E-02 -2.57475862E+00
  5.79798445E-02 -2.31528912E+00
  3.63587663E-02 -3.18663463E+00
  2.31814645E-02 -4.34004478E+00
  5.96368164E-02 -2.27112314E+00
  5.35831414E-02 -2.44355614E+00
  3.40050608E-02 -3.33625293E+00
  5.92270456E-02 -2.28185102E+00
  6.16604052E-02 -2.21991762E+00
  3.13283354E-02 -3.52923511E+00
  2.88483165E-02 -3.73472578E+00
  6.90102279E-02 -2.05554734E+00
  6.32407367E-02 -2.18186132E+00
  3.98482457E-02 -2.99267154E+00
  7.46974200E-02 -1.94736012E+00
  7.44930357E-02 -1.95100562E+00
  4.91852798E-02 -2.59098258E+00
  5.22717722E-02 -2.48531896E+00
  3.43613476E-02 -3.31249395E+00
  1.62322074E-02 -5.54594897E+00
  5.54012544E-02 -2.38843131E+00
  5.26202917E-02 -2.47404827E+00
  2.77944338E-02 -3.83136715E+00
  5.72445281E-02 -2.33557861E+00
  6.30109310E-02 -2.18729507E+00
  2.64865588E-02 -3.96028726E+00
  6.52507097E-02 -2.13571793E+00
  5.48486896E-02 -2.40485818E+00
  3.70177999E-02 -3.14764039E+00
  7.46974200E-02 -1.94736012E+00
  7.59560168E-02 -1.92527681E+00
  4.73533198E-02 -2.65916343E+00
  6.90102279E-02 -2.05554734E+00
  3.00497748E-02 -3.63159097E+00
  1.62322074E-02 -5.54594897E+00
  5.47885746E-02 -2.40666217E+00
  4.82522994E-02 -2.62515903E+00
  2.28261817E-02 -4.38636212E+00
  5.69366366E-02 -2.34420554E+00
  6.18597195E-02 -2.21502749E+00
  4.73810695E-02 -2.65809748E+00
  6.06683493E-02 -2.24466041E+00
  4.62997891E-02 -2.70042932E+00
  3.41840275E-02 -3.32426618E+00
  7.37497732E-02 -1.96440645E+00
  7.46974200E-02 -1.94736012E+00
  4.51216772E-02 -2.74849641E+00
  7.18530416E-02 -1.99966122E+00
  6.75115362E-02 -2.08660227E+00
  1.71672478E-02 -5.33612090E+00
  5.40926009E-02 -2.42779396E+00
  4.36173715E-02 -2.81304702E+00
  1.92913692E-02 -4.92441922E+00
  5.64906932E-02 -2.35684129E+00
  5.96368164E-02 -2.27112314E+00
  4.09063175E-02 -2.93942747E+00
  5.71106225E-02 -2.33932091E+00
  3.83194908E-02 -3.07396828E+00
  3.14339586E-02 -3.52109519E+00
  7.18530416E-02 -1.99966122E+00
  7.02726096E-02 -2.03025942E+00
  4.25836667E-02 -2.85962903E+00
  7.37497732E-02 -1.96440645E+00
  7.13535622E-02 -2.00920774E+00
  5.05688041E-02 -2.54227134E+00
  5.32636307E-02 -2.45357132E+00
  3.89280133E-02 -3.04096147E+00
  1.71672478E-02 -5.33612090E+00
  5.59677780E-02 -2.37187440E+00
  5.64906932E-02 -2.35684129E+00
  3.40050608E-02 -3.33625293E+00
  5.73329851E-02 -2.33311458E+00
  6.30109310E-02 -2.18729507E+00
  3.93439196E-02 -3.01889994E+00
  2.79450081E-02 -3.81718224E+00
  6.76091239E-02 -2.08454477E+00
  6.99845627E-02 -2.03596170E+00
  3.98482457E-02 -2.99267154E+00
  6.99845627E-02 -2.03596170E+00
  7.34199211E-02 -1.97042690E+00
  5.02998047E-02 -2.55156482E+00
  4.75953296E-02 -2.64990254E+00
  3.71584557E-02 -3.13946962E+00
  1.11273760E-02 -7.19536838E+00
  5.16207553E-02 -2.50671589E+00
  5.59677780E-02 -2.37187440E+00
  2.92327292E-02 -3.70094744E+00
  5.50766997E-02 -2.39804606E+00
  6.49209991E-02 -2.14312156E+00
  2.53940150E-02 -4.07653873E+00
  6.53944835E-02 -2.13250925E+00
  6.30201697E-02 -2.18707597E+00
  3.67690139E-02 -3.16222184E+00
  7.02726096E-02 -2.03025942E+00
  7.58603439E-02 -1.92693374E+00
  4.81821559E-02 -2.62777365E+00
  6.53944835E-02 -2.13250925E+00
  3.25384252E-02 -3.43866651E+00
  1.03075588E-02 -7.58583324E+00
  5.06319404E-02 -2.54010219E+00
  5.16207553E-02 -2.50671589E+00
  2.28261817E-02 -4.38636212E+00
  5.44317476E-02 -2.41743945E+00
  6.43103495E-02 -2.15700276E+00
  5.09573817E-02 -2.52899318E+00
  6.23618476E-02 -2.20282503E+00
  5.49163595E-02 -2.40283146E+00
  3.37029397E-02 -3.35673230E+00
  6.99845627E-02 -2.03596170E+00
  7.65710324E-02 -1.91470901E+00
  4.56642844E-02 -2.72609761E+00
  6.76091239E-02 -2.08454477E+00
  6.66182712E-02 -2.10567164E+00
  1.11273760E-02 -7.19536838E+00
  4.96547446E-02 -2.57419663E+00
  4.68834937E-02 -2.67737246E+00
  1.75487120E-02 -5.25598724E+00
  5.35831414E-02 -2.44355614E+00
  6.25215098E-02 -2.19897970E+00
  4.42494005E-02 -2.78547453E+00
  5.53683937E-02 -2.38940046E+00
  4.67605554E-02 -2.68218817E+00
  3.07352096E-02 -3.57582205E+00
  6.91105127E-02 -2.05350995E+00
  7.46974200E-02 -1.94736012E+00
  4.28484119E-02 -2.84751790E+00
  6.91105127E-02 -2.05350995E+00
  7.01481625E-02 -2.03271817E+00
  5.19500896E-02 -2.49583505E+00
  4.86539379E-02 -2.61031066E+00
  4.19937819E-02 -2.88707755E+00
  1.35768680E-02 -6.27246529E+00
  5.26202917E-02 -2.47404827E+00
  5.96780069E-02 -2.27005164E+00
  3.65762338E-02 -3.17363601E+00
  5.54221161E-02 -2.38781655E+00
  6.43103495E-02 -2.15700276E+00
  4.77829576E-02 -2.64277725E+00
  2.74987333E-02 -3.85960576E+00
  6.25839978E-02 -2.19747925E+00
  7.37497732E-02 -1.96440645E+00
  4.03593257E-02 -2.96665840E+00
  6.30201697E-02 -2.18707597E+00
  7.15160295E-02 -2.00609016E+00
  5.17967902E-02 -2.50088535E+00
  4.31529172E-02 -2.83374339E+00
  4.04895246E-02 -2.96012031E+00
  9.18750837E-03 -8.21333283E+00
  4.82522994E-02 -2.62515903E+00
  5.96368164E-02 -2.27112314E+00
  3.32854241E-02 -3.38555037E+00
  5.30097000E-02 -2.46160355E+00
  6.67937621E-02 -2.10189129E+00
  2.47492958E-02 -4.14919606E+00
  6.18746728E-02 -2.21466169E+00
  6.91105127E-02 -2.05350995E+00
  3.70177999E-02 -3.14764039E+00
  6.32407367E-02 -2.18186132E+00
  7.41248950E-02 -1.95761475E+00
  4.94664796E-02 -2.58089580E+00
  6.07112050E-02 -2.24357745E+00
  3.55448015E-02 -3.23647827E+00
  6.77285995E-03 -1.01420854E+01
  4.68834937E-02 -2.67737246E+00
  5.54012544E-02 -2.38843131E+00
  2.58870088E-02 -4.02305389E+00
  5.21129146E-02 -2.49049845E+00
  6.67937621E-02 -2.10189129E+00
  5.56393377E-02 -2.38143852E+00
  6.07112050E-02 -2.24357745E+00
  6.25839978E-02 -2.19747925E+00
  3.37029397E-02 -3.35673230E+00
  6.32407367E-02 -2.18186132E+00
  7.58603439E-02 -1.92693374E+00
  4.67041731E-02 -2.68440394E+00
  6.18746728E-02 -2.21466169E+00
  6.55280948E-02 -2.12953803E+00
  6.77285995E-03 -1.01420854E+01
  4.55834679E-02 -2.72940513E+00
  5.06319404E-02 -2.54010219E+00
  1.92913692E-02 -4.92441922E+00
  5.09580597E-02 -2.52897016E+00
  6.55280948E-02 -2.12953803E+00
  4.93260883E-02 -2.58591956E+00
  5.36044650E-02 -2.44289133E+00
  5.51391356E-02 -2.39618901E+00
  3.05036642E-02 -3.59442398E+00
  6.30201697E-02 -2.18707597E+00
  7.59560168E-02 -1.92527681E+00
  4.36267667E-02 -2.81263221E+00
  6.25839978E-02 -2.19747925E+00
  6.85657039E-02 -2.06463886E+00
  5.36044650E-02 -2.44289133E+00
  4.43505011E-02 -2.78112566E+00
  4.55834679E-02 -2.72940513E+00
  1.35768680E-02 -6.27246529E+00
  4.96394970E-02 -2.57473760E+00
  6.30866885E-02 -2.18550009E+00
  4.13618498E-02 -2.91721522E+00
  5.35442196E-02 -2.44477075E+00
  6.55280948E-02 -2.12953803E+00
