  1  0.33307306E-15  0.00000000E+00
  2  0.33729600E-14  0.00000000E+00
  3  0.11430278E-13  0.00000000E+00
  4  0.19164850E-13  0.00000000E+00
  5  0.21663354E-13  0.00000000E+00
  6  0.23791763E-13  0.00000000E+00
  7  0.26375140E-13  0.00000000E+00
  8  0.28258377E-13  0.00000000E+00
  9  0.30166922E-13  0.00000000E+00
 10  0.34302512E-13  0.00000000E+00
 11  0.36198642E-13  0.00000000E+00
 12  0.39466024E-13  0.00000000E+00
 13  0.41421218E-13  0.00000000E+00
 14  0.44599326E-13  0.00000000E+00
 15  0.47955468E-13  0.00000000E+00
 16  0.51263993E-13  0.00000000E+00
 17  0.54469519E-13  0.00000000E+00
 18  0.58354102E-13  0.00000000E+00
 19  0.62096390E-13  0.00000000E+00
 20  0.65939214E-13  0.00000000E+00
 21  0.68444891E-13  0.00000000E+00
 22  0.70397949E-13  0.00000000E+00
 23  0.72467411E-13  0.00000000E+00
 24  0.75115345E-13  0.00000000E+00
 25  0.77929395E-13  0.00000000E+00
 26  0.79618031E-13  0.00000000E+00
 27  0.81672694E-13  0.00000000E+00
 28  0.83556757E-13  0.00000000E+00
 29  0.85825303E-13  0.00000000E+00
 30  0.88358373E-13  0.00000000E+00
 31  0.90702829E-13  0.00000000E+00
 32  0.93011901E-13  0.00000000E+00
 33  0.96063537E-13  0.00000000E+00
 34  0.99157292E-13  0.00000000E+00
 35  0.10319395E-12  0.00000000E+00
 36  0.10689511E-12  0.00000000E+00
 37  0.11056348E-12  0.00000000E+00
 38  0.11319606E-12  0.00000000E+00
 39  0.11569688E-12  0.00000000E+00
 40  0.11892791E-12  0.00000000E+00
 41  0.12191218E-12  0.00000000E+00
 42  0.12395059E-12  0.00000000E+00
 43  0.12686143E-12  0.00000000E+00
 44  0.12929913E-12  0.00000000E+00
 45  0.13189153E-12  0.00000000E+00
 46  0.13351648E-12  0.00000000E+00
 47  0.13530583E-12  0.00000000E+00
 48  0.13822568E-12  0.00000000E+00
 49  0.14157930E-12  0.00000000E+00
 50  0.14502615E-12  0.00000000E+00
 51  0.14848006E-12  0.00000000E+00
 52  0.15190580E-12  0.00000000E+00
 53  0.15519569E-12  0.00000000E+00
 54  0.15856807E-12  0.00000000E+00
 55  0.16215370E-12  0.00000000E+00
 56  0.16553770E-12  0.00000000E+00
 57  0.16915301E-12  0.00000000E+00
 58  0.17236800E-12  0.00000000E+00
 59  0.17600058E-12  0.00000000E+00
 60  0.17938972E-12  0.00000000E+00
 61  0.18226723E-12  0.00000000E+00
 62  0.18495386E-12  0.00000000E+00
 63  0.18738536E-12  0.00000000E+00
 64  0.19009423E-12  0.00000000E+00
 65  0.19260723E-12  0.00000000E+00
 66  0.19521230E-12  0.00000000E+00
 67  0.19792548E-12  0.00000000E+00
 68  0.20076101E-12  0.00000000E+00
 69  0.20422166E-12  0.00000000E+00
 70  0.20718394E-12  0.00000000E+00
 71  0.20982236E-12  0.00000000E+00
 72  0.21302080E-12  0.00000000E+00
 73  0.21618859E-12  0.00000000E+00
 74  0.21976089E-12  0.00000000E+00
 75  0.22377272E-12  0.00000000E+00
 76  0.22796297E-12  0.00000000E+00
 77  0.23174754E-12  0.00000000E+00
 78  0.23553434E-12  0.00000000E+00
 79  0.23865801E-12  0.00000000E+00
 80  0.24215303E-12  0.00000000E+00
 81  0.24602862E-12  0.00000000E+00
 82  0.24991776E-12  0.00000000E+00
 83  0.25368850E-12  0.00000000E+00
 84  0.25791469E-12  0.00000000E+00
 85  0.26161355E-12  0.00000000E+00
 86  0.26528408E-12  0.00000000E+00
 87  0.26883690E-12  0.00000000E+00
 88  0.27226868E-12  0.00000000E+00
 89  0.27611217E-12  0.00000000E+00
 90  0.27995678E-12  0.00000000E+00
 91  0.28378580E-12  0.00000000E+00
 92  0.28829672E-12  0.00000000E+00
 93  0.29318028E-12  0.00000000E+00
 94  0.29847296E-12  0.00000000E+00
 95  0.30360897E-12  0.00000000E+00
 96  0.30936976E-12  0.00000000E+00
 97  0.31537534E-12  0.00000000E+00
 98  0.32144823E-12  0.00000000E+00
 99  0.32757877E-12  0.00000000E+00
100  0.33387215E-12  0.00000000E+00
101  0.34050142E-12  0.00000000E+00
102  0.34767833E-12  0.00000000E+00
103  0.35508891E-12  0.00000000E+00
104  0.36309984E-12  0.00000000E+00
105  0.37239459E-12  0.00000000E+00
106  0.38350513E-12  0.00000000E+00
107  0.39569306E-12  0.00000000E+00
108  0.40971309E-12  0.00000000E+00
109  0.42501172E-12  0.00000000E+00
110  0.44194418E-12  0.00000000E+00
111  0.46015686E-12  0.00000000E+00
112  0.47940166E-12  0.00000000E+00
113  0.50085468E-12  0.00000000E+00
114  0.52632271E-12  0.00000000E+00
115  0.55791941E-12  0.00000000E+00
116  0.59655979E-12  0.00000000E+00
117  0.64123878E-12  0.00000000E+00
118  0.68889884E-12  0.00000000E+00
119  0.73978303E-12  0.00000000E+00
120  0.79926350E-12  0.00000000E+00
121  0.87031258E-12  0.00000000E+00
122  0.95034286E-12  0.00000000E+00
123  0.10333436E-11  0.00000000E+00
124  0.11212478E-11  0.00000000E+00
125  0.12169853E-11  0.00000000E+00
126  0.13171710E-11  0.00000000E+00
127  0.14243913E-11  0.00000000E+00
128  0.15469834E-11  0.00000000E+00
129  0.16893902E-11  0.00000000E+00
130  0.18447721E-11  0.00000000E+00
131  0.20147086E-11  0.00000000E+00
132  0.22119796E-11  0.00000000E+00
133  0.24398562E-11  0.00000000E+00
134  0.26892345E-11  0.00000000E+00
135  0.29600899E-11  0.00000000E+00
136  0.32671069E-11  0.00000000E+00
137  0.36290786E-11  0.00000000E+00
138  0.40485119E-11  0.00000000E+00
139  0.44998571E-11  0.00000000E+00
140  0.49874000E-11  0.00000000E+00
141  0.55280460E-11  0.00000000E+00
142  0.61181193E-11  0.00000000E+00
143  0.67826924E-11  0.00000000E+00
144  0.75877466E-11  0.00000000E+00
145  0.85822478E-11  0.00000000E+00
146  0.98342912E-11  0.00000000E+00
147  0.11216201E-10  0.00000000E+00
148  0.12817554E-10  0.00000000E+00
149  0.14775099E-10  0.00000000E+00
150  0.17126719E-10  0.00000000E+00
151  0.19917623E-10  0.00000000E+00
152  0.23112403E-10  0.00000000E+00
153  0.26735094E-10  0.00000000E+00
154  0.30692021E-10  0.00000000E+00
155  0.35188739E-10  0.00000000E+00
156  0.40202614E-10  0.00000000E+00
157  0.45581306E-10  0.00000000E+00
158  0.51588354E-10  0.00000000E+00
159  0.58512007E-10  0.00000000E+00
160  0.67071062E-10  0.00000000E+00
161  0.77412941E-10  0.00000000E+00
162  0.89402232E-10  0.00000000E+00
163  0.10332749E-09  0.00000000E+00
164  0.11988724E-09  0.00000000E+00
165  0.13885709E-09  0.00000000E+00
166  0.16120536E-09  0.00000000E+00
167  0.18809078E-09  0.00000000E+00
168  0.21884583E-09  0.00000000E+00
169  0.25248654E-09  0.00000000E+00
170  0.29152284E-09  0.00000000E+00
171  0.33816762E-09  0.00000000E+00
172  0.39523139E-09  0.00000000E+00
173  0.46238374E-09  0.00000000E+00
174  0.53952590E-09  0.00000000E+00
175  0.63286190E-09  0.00000000E+00
176  0.74715500E-09  0.00000000E+00
177  0.88548998E-09  0.00000000E+00
178  0.10419014E-08  0.00000000E+00
179  0.12360287E-08  0.00000000E+00
180  0.14732074E-08  0.00000000E+00
181  0.17523428E-08  0.00000000E+00
182  0.20644950E-08  0.00000000E+00
183  0.24113302E-08  0.00000000E+00
184  0.28103723E-08  0.00000000E+00
185  0.32969771E-08  0.00000000E+00
186  0.38692902E-08  0.00000000E+00
187  0.45526562E-08  0.00000000E+00
188  0.53883049E-08  0.00000000E+00
189  0.64810306E-08  0.00000000E+00
190  0.78055847E-08  0.00000000E+00
191  0.93888741E-08  0.00000000E+00
192  0.11409837E-07  0.00000000E+00
193  0.13895674E-07  0.00000000E+00
194  0.16927235E-07  0.00000000E+00
195  0.20825661E-07  0.00000000E+00
196  0.25553285E-07  0.00000000E+00
197  0.31323135E-07  0.00000000E+00
198  0.38394233E-07  0.00000000E+00
199  0.46580257E-07  0.00000000E+00
200  0.56231758E-07  0.00000000E+00
