  1  0.33307306E-15  0.00000000E+00
  2  0.29106331E-14  0.13252475E-15
  3  0.31926545E-14  0.45511529E-15
  4  0.28442214E-14  0.59486117E-15
  5  0.31513317E-14  0.14564882E-14
  6  0.32984577E-14  0.43695980E-15
  7  0.37155964E-14  0.12785272E-14
  8  0.34789864E-14  0.64344084E-15
  9  0.34891368E-14  0.13449991E-14
 10  0.35255389E-14  0.30329628E-16
 11  0.36181890E-14  0.58180591E-15
 12  0.37956965E-14  0.27675832E-14
 13  0.39103780E-14  0.39716947E-14
 14  0.44677893E-14  0.25231840E-14
 15  0.45599866E-14  0.22069285E-14
 16  0.42960412E-14  0.98083122E-16
 17  0.43796986E-14  0.16322570E-14
 18  0.48315395E-14  0.21547468E-14
 19  0.50311188E-14  0.48959421E-15
 20  0.48228460E-14  0.45345933E-15
 21  0.49161136E-14  0.84238458E-15
 22  0.49600602E-14  0.26983663E-14
 23  0.50364989E-14  0.25615088E-14
 24  0.51822981E-14  0.13312295E-14
 25  0.52161491E-14  0.17823048E-14
 26  0.52408235E-14  0.26895676E-14
 27  0.55696349E-14  0.52409320E-14
 28  0.56888196E-14  0.21263252E-14
 29  0.57266334E-14  0.23139891E-15
 30  0.58293265E-14  0.30882857E-16
 31  0.58918941E-14  0.56668060E-15
 32  0.60282366E-14  0.27497583E-14
 33  0.61866173E-14  0.28024834E-14
 34  0.62895525E-14  0.94891105E-14
 35  0.63067110E-14  0.12975141E-14
 36  0.64067279E-14  0.14956100E-14
 37  0.64458345E-14  0.29783686E-14
 38  0.64664552E-14  0.53271293E-14
 39  0.64938417E-14  0.38341193E-14
 40  0.66747854E-14  0.37355371E-14
 41  0.67484769E-14  0.23551600E-14
 42  0.71280311E-14  0.46526953E-14
 43  0.71894299E-14  0.36982963E-14
 44  0.70544583E-14  0.10144927E-13
 45  0.70736383E-14  0.36451193E-15
 46  0.72301110E-14  0.21744319E-14
 47  0.72623507E-14  0.34778991E-14
 48  0.72892115E-14  0.41120419E-14
 49  0.73252166E-14  0.15393157E-13
 50  0.74650488E-14  0.11186459E-13
 51  0.75017449E-14  0.15386668E-14
 52  0.74485093E-14  0.21995659E-14
 53  0.77954121E-14  0.10110343E-13
 54  0.79309768E-14  0.97186282E-14
 55  0.79835533E-14  0.14372495E-14
 56  0.77731151E-14  0.12729957E-14
 57  0.78498526E-14  0.29642894E-14
 58  0.80063597E-14  0.38774757E-14
 59  0.80713376E-14  0.30664056E-14
 60  0.79293218E-14  0.12580328E-13
 61  0.79634310E-14  0.10896279E-13
 62  0.80061642E-14  0.62588260E-16
 63  0.81119608E-14  0.47506270E-15
 64  0.81146123E-14  0.70787949E-14
 65  0.83216371E-14  0.84521364E-15
 66  0.83808374E-14  0.33978181E-14
 67  0.85269365E-14  0.25911440E-15
 68  0.84148125E-14  0.36267953E-14
 69  0.84470552E-14  0.15891222E-13
 70  0.85109833E-14  0.13027654E-13
 71  0.88231822E-14  0.13108219E-13
 72  0.86973810E-14  0.29930155E-14
 73  0.87259302E-14  0.76224587E-14
 74  0.87724122E-14  0.76013177E-14
 75  0.88267679E-14  0.47481541E-14
 76  0.90659014E-14  0.57726528E-14
 77  0.92596066E-14  0.63821825E-14
 78  0.93216749E-14  0.36061647E-14
 79  0.93814760E-14  0.18112351E-13
 80  0.93207550E-14  0.76517249E-14
 81  0.93643855E-14  0.80765654E-14
 82  0.94391549E-14  0.11206628E-13
 83  0.95181523E-14  0.27629795E-14
 84  0.97002687E-14  0.14915025E-13
 85  0.98166963E-14  0.47804970E-14
 86  0.98772084E-14  0.39713551E-14
 87  0.10125691E-13  0.51798767E-14
 88  0.10170864E-13  0.65568717E-14
 89  0.10242962E-13  0.32185563E-14
 90  0.10351391E-13  0.12593123E-13
 91  0.10413725E-13  0.31374167E-13
 92  0.10444758E-13  0.27752414E-13
 93  0.10542087E-13  0.55090357E-14
 94  0.10601743E-13  0.25705089E-13
 95  0.10667501E-13  0.22998759E-13
 96  0.10731447E-13  0.14329553E-13
 97  0.10791951E-13  0.60573004E-14
 98  0.10874680E-13  0.68213067E-14
 99  0.11056479E-13  0.10964501E-13
100  0.11048663E-13  0.13841953E-13
101  0.11103115E-13  0.40746029E-14
102  0.11145418E-13  0.99076087E-14
103  0.11340772E-13  0.20495383E-14
104  0.11454187E-13  0.24270381E-13
105  0.11569242E-13  0.23652739E-15
106  0.11632231E-13  0.56658855E-14
107  0.11706192E-13  0.31292567E-13
108  0.11759175E-13  0.33934383E-13
109  0.11901283E-13  0.17837390E-13
110  0.12016613E-13  0.15183959E-13
111  0.12098968E-13  0.82208722E-14
112  0.12263481E-13  0.42413778E-14
113  0.12320154E-13  0.53618315E-14
114  0.12395422E-13  0.21529453E-14
115  0.12461764E-13  0.49293331E-14
116  0.12527620E-13  0.74413510E-15
117  0.12597288E-13  0.92789696E-14
118  0.12679729E-13  0.67920184E-14
119  0.12801126E-13  0.11630862E-13
120  0.12891213E-13  0.14099947E-13
121  0.12978113E-13  0.16035080E-13
122  0.13088358E-13  0.20777008E-14
123  0.13235503E-13  0.11914046E-13
124  0.13246882E-13  0.17994970E-13
125  0.13349724E-13  0.87426080E-14
126  0.13487918E-13  0.20336599E-13
127  0.13660206E-13  0.46299297E-14
128  0.13784816E-13  0.83289718E-14
129  0.13885170E-13  0.44900007E-13
130  0.14038986E-13  0.46814915E-13
131  0.14159003E-13  0.32510967E-13
132  0.14184621E-13  0.20621631E-13
133  0.14281739E-13  0.10005920E-13
134  0.14354291E-13  0.86490664E-15
135  0.14469596E-13  0.29822568E-14
136  0.14510282E-13  0.10740536E-13
137  0.14587009E-13  0.25565497E-13
138  0.14662903E-13  0.18579472E-13
139  0.14905221E-13  0.16239121E-13
140  0.14917565E-13  0.33164993E-13
141  0.14983594E-13  0.25587122E-13
142  0.15148194E-13  0.41127790E-15
143  0.15257241E-13  0.10962270E-13
144  0.15357164E-13  0.38040999E-14
145  0.15548478E-13  0.11916103E-13
146  0.15637236E-13  0.23721436E-13
147  0.15710849E-13  0.99215181E-14
148  0.15918491E-13  0.27427916E-13
149  0.15989448E-13  0.31983062E-13
150  0.16056918E-13  0.98353234E-14
151  0.16160582E-13  0.51834681E-13
152  0.16204818E-13  0.55654485E-13
153  0.16327570E-13  0.28045745E-13
154  0.16399256E-13  0.21364224E-13
155  0.16473701E-13  0.19135554E-13
156  0.16546611E-13  0.13318398E-13
157  0.16648663E-13  0.50993481E-14
158  0.16778699E-13  0.63969286E-15
159  0.16889496E-13  0.54478523E-14
160  0.16840094E-13  0.10657557E-13
161  0.16900449E-13  0.23662585E-13
162  0.16985191E-13  0.30792235E-14
163  0.17232563E-13  0.37935625E-14
164  0.17298777E-13  0.43704992E-14
165  0.17398742E-13  0.57938700E-14
166  0.17466335E-13  0.17577789E-13
167  0.17574293E-13  0.33210314E-14
168  0.17707692E-13  0.11473987E-13
169  0.17787894E-13  0.16626301E-13
170  0.17848761E-13  0.14903911E-13
171  0.17940995E-13  0.42180969E-13
172  0.18021420E-13  0.41257240E-13
173  0.18103812E-13  0.22880137E-13
174  0.18255592E-13  0.10045182E-13
175  0.18339897E-13  0.20134657E-13
176  0.18368754E-13  0.47860875E-13
177  0.18433400E-13  0.40566968E-13
178  0.18509449E-13  0.25029596E-13
179  0.18651727E-13  0.81972114E-15
180  0.18687453E-13  0.17984403E-13
181  0.18789602E-13  0.43925233E-14
182  0.18916551E-13  0.16481628E-13
183  0.19003287E-13  0.20177911E-13
184  0.19089040E-13  0.17770264E-13
185  0.19163931E-13  0.19480875E-13
186  0.19329705E-13  0.10162700E-13
187  0.19430742E-13  0.61485392E-14
188  0.19412149E-13  0.63470739E-14
189  0.19491222E-13  0.11289614E-13
190  0.19579033E-13  0.17241399E-13
191  0.19678066E-13  0.10653071E-13
192  0.19725097E-13  0.28575287E-13
193  0.19839612E-13  0.53708185E-13
194  0.19925785E-13  0.27124105E-13
195  0.20033173E-13  0.43023270E-14
196  0.20051639E-13  0.26366970E-13
197  0.20116939E-13  0.42318828E-13
198  0.20203255E-13  0.41647374E-13
199  0.20303396E-13  0.27567413E-13
200  0.20379458E-13  0.55453511E-14
