     0.000000000000E+00     0.655770000000E-01     0.520362200000E-06
     0.100000000000E+00     0.655930000000E-01     0.709680000000E-04
     0.200000000000E+00     0.656970000000E-01     0.142024000000E-03
     0.300000000000E+00     0.659600000000E-01     0.214051000000E-03
     0.400000000000E+00     0.661620000000E-01     0.287760000000E-03
     0.500000000000E+00     0.664920000000E-01     0.363559000000E-03
     0.600000000000E+00     0.669370000000E-01     0.442262000000E-03
     0.700000000000E+00     0.673760000000E-01     0.524468000000E-03
     0.800000000000E+00     0.679650000000E-01     0.611490000000E-03
     0.900000000000E+00     0.686290000000E-01     0.703230000000E-03
     0.100000000000E+01     0.693360000000E-01     0.800960000000E-03
     0.110000000000E+01     0.701780000000E-01     0.906420000000E-03
     0.120000000000E+01     0.711410000000E-01     0.102044000000E-02
     0.130000000000E+01     0.722650000000E-01     0.114470000000E-02
     0.140000000000E+01     0.733980000000E-01     0.128163000000E-02
     0.150000000000E+01     0.748370000000E-01     0.143328000000E-02
     0.160000000000E+01     0.763420000000E-01     0.160339000000E-02
     0.170000000000E+01     0.779400000000E-01     0.179401000000E-02
     0.180000000000E+01     0.798800000000E-01     0.201182000000E-02
     0.190000000000E+01     0.820480000000E-01     0.226248000000E-02
     0.200000000000E+01     0.844090000000E-01     0.255462000000E-02
     0.210000000000E+01     0.870440000000E-01     0.289844000000E-02
     0.220000000000E+01     0.901280000000E-01     0.331126000000E-02
     0.230000000000E+01     0.936530000000E-01     0.381348000000E-02
     0.240000000000E+01     0.977430000000E-01     0.444033000000E-02
     0.250000000000E+01     0.102461000000E+00     0.524167000000E-02
     0.260000000000E+01     0.108163000000E+00     0.630590000000E-02
     0.270000000000E+01     0.114974000000E+00     0.776870000000E-02
     0.280000000000E+01     0.123404000000E+00     0.994060000000E-02
     0.290000000000E+01     0.134310000000E+00     0.134559000000E-01
     0.300000000000E+01     0.148813000000E+00     0.200095000000E-01
     0.310000000000E+01     0.168008000000E+00     0.349580000000E-01
     0.320000000000E+01     0.181491000000E+00     0.706971000000E-01
     0.330000000000E+01     0.156055000000E+00     0.104609000000E+00
     0.340000000000E+01     0.141922000000E+00     0.991450000000E-01
     0.350000000000E+01     0.144349000000E+00     0.110257000000E+00
     0.360000000000E+01     0.137726000000E+00     0.118248000000E+00
     0.370000000000E+01     0.140196000000E+00     0.128904000000E+00
     0.380000000000E+01     0.141000000000E+00     0.147396000000E+00
     0.390000000000E+01     0.131975000000E+00     0.172223000000E+00
     0.400000000000E+01     0.125103000000E+00     0.193017000000E+00
     0.410000000000E+01     0.101340000000E+00     0.228093000000E+00
     0.420000000000E+01     0.586500000000E-01     0.249910000000E+00
     0.430000000000E+01    -0.383110000000E-02     0.252788000000E+00
     0.440000000000E+01    -0.367561000000E-01     0.203983000000E+00
     0.450000000000E+01    -0.376760000000E-01     0.190229000000E+00
     0.460000000000E+01    -0.549620000000E-01     0.177884000000E+00
     0.470000000000E+01    -0.692570000000E-01     0.159880000000E+00
     0.480000000000E+01    -0.728021000000E-01     0.136708000000E+00
     0.490000000000E+01    -0.757975000000E-01     0.123205000000E+00
     0.500000000000E+01    -0.712296000000E-01     0.110501000000E+00
     0.510000000000E+01    -0.751990000000E-01     0.101866000000E+00
     0.520000000000E+01    -0.798130000000E-01     0.813390000000E-01
     0.530000000000E+01    -0.624280000000E-01     0.666820000000E-01
     0.540000000000E+01    -0.480972000000E-01     0.716370000000E-01
     0.550000000000E+01    -0.501841000000E-01     0.763490000000E-01
     0.560000000000E+01    -0.555206000000E-01     0.775320000000E-01
     0.570000000000E+01    -0.585402000000E-01     0.724310000000E-01
     0.580000000000E+01    -0.633809000000E-01     0.678910000000E-01
     0.590000000000E+01    -0.651864000000E-01     0.589067000000E-01
     0.600000000000E+01    -0.629552000000E-01     0.504815000000E-01
     0.610000000000E+01    -0.594867000000E-01     0.455016000000E-01
     0.620000000000E+01    -0.553590000000E-01     0.433488000000E-01
     0.630000000000E+01    -0.557227000000E-01     0.401481000000E-01
     0.640000000000E+01    -0.532207000000E-01     0.371541000000E-01
     0.650000000000E+01    -0.518664000000E-01     0.335821000000E-01
     0.660000000000E+01    -0.496919000000E-01     0.309361000000E-01
     0.670000000000E+01    -0.472371000000E-01     0.277324000000E-01
     0.680000000000E+01    -0.440138000000E-01     0.271922000000E-01
     0.690000000000E+01    -0.434233000000E-01     0.264587000000E-01
     0.700000000000E+01    -0.415203000000E-01     0.245580000000E-01
     0.710000000000E+01    -0.402901000000E-01     0.242799000000E-01
     0.720000000000E+01    -0.398966000000E-01     0.220622000000E-01
     0.730000000000E+01    -0.380138000000E-01     0.212408000000E-01
     0.740000000000E+01    -0.369190000000E-01     0.196763000000E-01
     0.750000000000E+01    -0.347545000000E-01     0.187190000000E-01
     0.760000000000E+01    -0.330524000000E-01     0.195079000000E-01
     0.770000000000E+01    -0.338158000000E-01     0.194331000000E-01
     0.780000000000E+01    -0.333725000000E-01     0.182782000000E-01
     0.790000000000E+01    -0.327471000000E-01     0.171710000000E-01
     0.800000000000E+01    -0.323563000000E-01     0.164781000000E-01
     0.810000000000E+01    -0.317145000000E-01     0.150789000000E-01
     0.820000000000E+01    -0.303604000000E-01     0.140546000000E-01
     0.830000000000E+01    -0.291556000000E-01     0.139895000000E-01
     0.840000000000E+01    -0.292390000000E-01     0.139199000000E-01
     0.850000000000E+01    -0.287448000000E-01     0.127681000000E-01
     0.860000000000E+01    -0.280859000000E-01     0.121347000000E-01
     0.870000000000E+01    -0.271794000000E-01     0.117798000000E-01
     0.880000000000E+01    -0.273674000000E-01     0.113454000000E-01
     0.890000000000E+01    -0.268796000000E-01     0.100146000000E-01
     0.900000000000E+01    -0.257619000000E-01     0.916560000000E-02
     0.910000000000E+01    -0.247409000000E-01     0.866030000000E-02
     0.920000000000E+01    -0.237826000000E-01     0.855070000000E-02
     0.930000000000E+01    -0.233429000000E-01     0.853510000000E-02
     0.940000000000E+01    -0.228437000000E-01     0.817990000000E-02
     0.950000000000E+01    -0.222961000000E-01     0.795760000000E-02
     0.960000000000E+01    -0.219817000000E-01     0.767940000000E-02
     0.970000000000E+01    -0.215551000000E-01     0.731670000000E-02
     0.980000000000E+01    -0.210151000000E-01     0.699130000000E-02
     0.990000000000E+01    -0.205309000000E-01     0.684720000000E-02
     0.100000000000E+02    -0.202740000000E-01     0.666750000000E-02
     0.101000000000E+02    -0.200794000000E-01     0.622060000000E-02
     0.102000000000E+02    -0.195505000000E-01     0.576699000000E-02
     0.103000000000E+02    -0.190878000000E-01     0.559566000000E-02
     0.104000000000E+02    -0.188776000000E-01     0.521725000000E-02
     0.105000000000E+02    -0.184595000000E-01     0.470997000000E-02
     0.106000000000E+02    -0.177606000000E-01     0.437616000000E-02
     0.107000000000E+02    -0.172837000000E-01     0.424356000000E-02
     0.108000000000E+02    -0.166328000000E-01     0.423528000000E-02
     0.109000000000E+02    -0.164505000000E-01     0.432083000000E-02
     0.110000000000E+02    -0.161230000000E-01     0.425231000000E-02
     0.111000000000E+02    -0.158752000000E-01     0.430854000000E-02
     0.112000000000E+02    -0.156414000000E-01     0.419472000000E-02
     0.113000000000E+02    -0.153476000000E-01     0.403648000000E-02
     0.114000000000E+02    -0.148659000000E-01     0.391666000000E-02
     0.115000000000E+02    -0.145544000000E-01     0.397387000000E-02
     0.116000000000E+02    -0.143857000000E-01     0.387383000000E-02
     0.117000000000E+02    -0.141376000000E-01     0.360233000000E-02
     0.118000000000E+02    -0.138793000000E-01     0.349170000000E-02
     0.119000000000E+02    -0.137782000000E-01     0.334452000000E-02
     0.120000000000E+02    -0.135840000000E-01     0.316927000000E-02
     0.121000000000E+02    -0.133526000000E-01     0.300175000000E-02
     0.122000000000E+02    -0.130604000000E-01     0.291368000000E-02
     0.123000000000E+02    -0.127593000000E-01     0.279934000000E-02
     0.124000000000E+02    -0.124655000000E-01     0.274229000000E-02
     0.125000000000E+02    -0.122349000000E-01     0.256100000000E-02
     0.126000000000E+02    -0.119091000000E-01     0.244225000000E-02
     0.127000000000E+02    -0.116942000000E-01     0.241488000000E-02
     0.128000000000E+02    -0.115316600000E-01     0.239301000000E-02
     0.129000000000E+02    -0.113563500000E-01     0.244945000000E-02
     0.130000000000E+02    -0.112423100000E-01     0.239495000000E-02
     0.131000000000E+02    -0.110428400000E-01     0.236620000000E-02
     0.132000000000E+02    -0.108641700000E-01     0.235044000000E-02
     0.133000000000E+02    -0.106727200000E-01     0.224569000000E-02
     0.134000000000E+02    -0.104954900000E-01     0.223966000000E-02
     0.135000000000E+02    -0.104013600000E-01     0.218221000000E-02
     0.136000000000E+02    -0.102616000000E-01     0.208396000000E-02
     0.137000000000E+02    -0.102148500000E-01     0.196444000000E-02
     0.138000000000E+02    -0.100774400000E-01     0.179371000000E-02
     0.139000000000E+02    -0.989306000000E-02     0.169934000000E-02
     0.140000000000E+02    -0.966831000000E-02     0.169576000000E-02
     0.141000000000E+02    -0.945011000000E-02     0.168305000000E-02
     0.142000000000E+02    -0.924848000000E-02     0.163723000000E-02
     0.143000000000E+02    -0.902333000000E-02     0.161476000000E-02
     0.144000000000E+02    -0.891338000000E-02     0.154482000000E-02
     0.145000000000E+02    -0.879315000000E-02     0.157781000000E-02
     0.146000000000E+02    -0.875172000000E-02     0.159587000000E-02
     0.147000000000E+02    -0.858865000000E-02     0.157863000000E-02
     0.148000000000E+02    -0.846515000000E-02     0.158313000000E-02
     0.149000000000E+02    -0.838989000000E-02     0.151914000000E-02
     0.150000000000E+02    -0.834221000000E-02     0.149848000000E-02
     0.151000000000E+02    -0.834362000000E-02     0.151431000000E-02
     0.152000000000E+02    -0.825499000000E-02     0.149845000000E-02
     0.153000000000E+02    -0.806635000000E-02     0.148031000000E-02
     0.154000000000E+02    -0.793072000000E-02     0.142751000000E-02
     0.155000000000E+02    -0.783119000000E-02     0.130115000000E-02
     0.156000000000E+02    -0.776046000000E-02     0.125601000000E-02
     0.157000000000E+02    -0.773070000000E-02     0.126639000000E-02
     0.158000000000E+02    -0.761908000000E-02     0.121176000000E-02
     0.159000000000E+02    -0.746869000000E-02     0.116098000000E-02
     0.160000000000E+02    -0.738852000000E-02     0.107372000000E-02
     0.161000000000E+02    -0.734928000000E-02     0.983520000000E-03
     0.162000000000E+02    -0.732140000000E-02     0.955210000000E-03
     0.163000000000E+02    -0.718564000000E-02     0.949950000000E-03
     0.164000000000E+02    -0.703020000000E-02     0.929200000000E-03
     0.165000000000E+02    -0.684140000000E-02     0.897500000000E-03
     0.166000000000E+02    -0.674651000000E-02     0.868310000000E-03
     0.167000000000E+02    -0.671276000000E-02     0.852950000000E-03
     0.168000000000E+02    -0.667195000000E-02     0.857600000000E-03
     0.169000000000E+02    -0.661146000000E-02     0.879690000000E-03
     0.170000000000E+02    -0.651787000000E-02     0.868180000000E-03
     0.171000000000E+02    -0.641106600000E-02     0.831810000000E-03
     0.172000000000E+02    -0.630686000000E-02     0.763630000000E-03
     0.173000000000E+02    -0.622405900000E-02     0.755090000000E-03
     0.174000000000E+02    -0.620286600000E-02     0.747780000000E-03
     0.175000000000E+02    -0.616680200000E-02     0.736970000000E-03
     0.176000000000E+02    -0.609670700000E-02     0.704400000000E-03
     0.177000000000E+02    -0.598306700000E-02     0.652760000000E-03
     0.178000000000E+02    -0.591047250000E-02     0.599970000000E-03
     0.179000000000E+02    -0.585720040000E-02     0.565910000000E-03
     0.180000000000E+02    -0.581717600000E-02     0.552117000000E-03
     0.181000000000E+02    -0.574098900000E-02     0.520411000000E-03
     0.182000000000E+02    -0.561763000000E-02     0.478023000000E-03
     0.183000000000E+02    -0.552913700000E-02     0.436962000000E-03
     0.184000000000E+02    -0.547815700000E-02     0.436474000000E-03
     0.185000000000E+02    -0.543101900000E-02     0.475210000000E-03
     0.186000000000E+02    -0.536785600000E-02     0.509100000000E-03
     0.187000000000E+02    -0.525638000000E-02     0.483812000000E-03
     0.188000000000E+02    -0.518875000000E-02     0.451253000000E-03
     0.189000000000E+02    -0.513836000000E-02     0.384048000000E-03
     0.190000000000E+02    -0.509169000000E-02     0.354172000000E-03
     0.191000000000E+02    -0.502923000000E-02     0.342917000000E-03
     0.192000000000E+02    -0.494446000000E-02     0.345047000000E-03
     0.193000000000E+02    -0.486552000000E-02     0.362492000000E-03
     0.194000000000E+02    -0.481668000000E-02     0.378221000000E-03
     0.195000000000E+02    -0.474416000000E-02     0.369613000000E-03
     0.196000000000E+02    -0.469455000000E-02     0.374011000000E-03
     0.197000000000E+02    -0.464001000000E-02     0.344537000000E-03
     0.198000000000E+02    -0.459167000000E-02     0.356536000000E-03
     0.199000000000E+02    -0.456161000000E-02     0.347894000000E-03
     0.200000000000E+02    -0.450453000000E-02     0.335132000000E-03
