     0.000000000000E+00     0.655770000000E-01     0.520362200000E-06
     0.100000000000E+00     0.655930000000E-01     0.709680000000E-04
     0.200000000000E+00     0.656970000000E-01     0.142024000000E-03
     0.300000000000E+00     0.659600000000E-01     0.214051000000E-03
     0.400000000000E+00     0.661620000000E-01     0.287760000000E-03
     0.500000000000E+00     0.664920000000E-01     0.363559000000E-03
     0.600000000000E+00     0.669370000000E-01     0.442262000000E-03
     0.700000000000E+00     0.673760000000E-01     0.524468000000E-03
     0.800000000000E+00     0.679650000000E-01     0.611490000000E-03
     0.900000000000E+00     0.686290000000E-01     0.703230000000E-03
     0.100000000000E+01     0.693360000000E-01     0.800960000000E-03
     0.110000000000E+01     0.701780000000E-01     0.906420000000E-03
     0.120000000000E+01     0.711410000000E-01     0.102044000000E-02
     0.130000000000E+01     0.722650000000E-01     0.114470000000E-02
     0.140000000000E+01     0.733980000000E-01     0.128163000000E-02
     0.150000000000E+01     0.748370000000E-01     0.143328000000E-02
     0.160000000000E+01     0.763420000000E-01     0.160339000000E-02
     0.170000000000E+01     0.779400000000E-01     0.179401000000E-02
     0.180000000000E+01     0.798800000000E-01     0.201182000000E-02
     0.190000000000E+01     0.820480000000E-01     0.226248000000E-02
     0.200000000000E+01     0.844090000000E-01     0.255462000000E-02
     0.210000000000E+01     0.870440000000E-01     0.289844000000E-02
     0.220000000000E+01     0.901280000000E-01     0.331126000000E-02
     0.230000000000E+01     0.936530000000E-01     0.381348000000E-02
     0.240000000000E+01     0.977430000000E-01     0.444033000000E-02
     0.250000000000E+01     0.102461000000E+00     0.524167000000E-02
     0.260000000000E+01     0.108163000000E+00     0.630590000000E-02
     0.270000000000E+01     0.114974000000E+00     0.776870000000E-02
     0.280000000000E+01     0.123404000000E+00     0.994060000000E-02
     0.290000000000E+01     0.134310000000E+00     0.134559000000E-01
     0.300000000000E+01     0.148813000000E+00     0.200095000000E-01
     0.310000000000E+01     0.168008000000E+00     0.349680000000E-01
     0.320000000000E+01     0.181491000000E+00     0.705971000000E-01
     0.330000000000E+01     0.156755000000E+00     0.105009000000E+00
     0.340000000000E+01     0.141822000000E+00     0.102245000000E+00
     0.350000000000E+01     0.144549000000E+00     0.115757000000E+00
     0.360000000000E+01     0.146226000000E+00     0.127048000000E+00
     0.370000000000E+01     0.154896000000E+00     0.126704000000E+00
     0.380000000000E+01     0.136400000000E+00     0.131696000000E+00
     0.390000000000E+01     0.112475000000E+00     0.179223000000E+00
     0.400000000000E+01     0.123603000000E+00     0.192617000000E+00
     0.410000000000E+01     0.754400000000E-01     0.248193000000E+00
     0.420000000000E+01     0.114650000000E+00     0.283110000000E+00
     0.430000000000E+01    -0.231811000000E-01     0.176588000000E+00
     0.440000000000E+01    -0.542061000000E-01     0.284983000000E+00
     0.450000000000E+01     0.602400000000E-02     0.116629000000E+00
     0.460000000000E+01    -0.110662000000E+00     0.255184000000E+00
     0.470000000000E+01     0.544300000000E-02     0.100980000000E+00
     0.480000000000E+01    -0.123082100000E+00     0.193808000000E+00
     0.490000000000E+01    -0.300275000000E-01     0.385050000000E-01
     0.500000000000E+01    -0.137049600000E+00     0.179101000000E+00
     0.510000000000E+01    -0.466990000000E-01     0.734660000000E-01
     0.520000000000E+01    -0.708130000000E-01     0.917390000000E-01
     0.530000000000E+01    -0.955280000000E-01     0.875820000000E-01
     0.540000000000E+01     0.158428000000E-01     0.113370000000E-01
     0.550000000000E+01    -0.136254100000E+00     0.147949000000E+00
     0.560000000000E+01     0.715940000000E-02     0.269320000000E-01
     0.570000000000E+01    -0.793502000000E-01     0.108531000000E+00
     0.580000000000E+01    -0.704809000000E-01     0.500910000000E-01
     0.590000000000E+01    -0.523864000000E-01     0.696467000000E-01
     0.600000000000E+01    -0.504152000000E-01     0.527115000000E-01
     0.610000000000E+01    -0.748867000000E-01     0.351816000000E-01
     0.620000000000E+01    -0.455390000000E-01     0.411088000000E-01
     0.630000000000E+01    -0.508727000000E-01     0.428581000000E-01
     0.640000000000E+01    -0.658907000000E-01     0.486241000000E-01
     0.650000000000E+01    -0.474964000000E-01     0.699210000000E-02
     0.660000000000E+01    -0.375319000000E-01     0.558061000000E-01
     0.670000000000E+01    -0.680871000000E-01     0.354224000000E-01
     0.680000000000E+01    -0.388838000000E-01    -0.116178000000E-01
     0.690000000000E+01    -0.221233000000E-01     0.677787000000E-01
     0.700000000000E+01    -0.800103000000E-01     0.204780000000E-01
     0.710000000000E+01    -0.170701000000E-01    -0.523010000000E-02
     0.720000000000E+01    -0.290866000000E-01     0.511822000000E-01
     0.730000000000E+01    -0.648938000000E-01     0.199608000000E-01
     0.740000000000E+01    -0.313390000000E-01     0.309630000000E-02
     0.750000000000E+01    -0.133345000000E-01     0.244290000000E-01
     0.760000000000E+01    -0.496024000000E-01     0.370279000000E-01
     0.770000000000E+01    -0.468558000000E-01     0.954310000000E-02
     0.780000000000E+01    -0.273250000000E-02    -0.949180000000E-02
     0.790000000000E+01    -0.402571000000E-01     0.686410000000E-01
     0.800000000000E+01    -0.571963000000E-01    -0.165019000000E-01
     0.810000000000E+01    -0.677450000000E-02     0.710890000000E-02
     0.820000000000E+01    -0.217304000000E-01     0.354746000000E-01
     0.830000000000E+01    -0.612556000000E-01     0.164795000000E-01
     0.840000000000E+01    -0.716900000000E-02    -0.157901000000E-01
     0.850000000000E+01    -0.259248000000E-01     0.363981000000E-01
     0.860000000000E+01    -0.391659000000E-01     0.130947000000E-01
     0.870000000000E+01    -0.295894000000E-01    -0.222020000000E-02
     0.880000000000E+01    -0.141274000000E-01     0.158954000000E-01
     0.890000000000E+01    -0.385696000000E-01     0.215646000000E-01
     0.900000000000E+01    -0.238319000000E-01    -0.767440000000E-02
     0.910000000000E+01    -0.193409000000E-01     0.202903000000E-01
     0.920000000000E+01    -0.313126000000E-01     0.745070000000E-02
     0.930000000000E+01    -0.177229000000E-01     0.376510000000E-02
     0.940000000000E+01    -0.230237000000E-01     0.993990000000E-02
     0.950000000000E+01    -0.256961000000E-01     0.110576000000E-01
     0.960000000000E+01    -0.204417000000E-01     0.491940000000E-02
     0.970000000000E+01    -0.235551000000E-01     0.875670000000E-02
     0.980000000000E+01    -0.157151000000E-01     0.357130000000E-02
     0.990000000000E+01    -0.215909000000E-01     0.147272000000E-01
     0.100000000000E+02    -0.273040000000E-01     0.367500000000E-03
     0.101000000000E+02    -0.132094000000E-01     0.475060000000E-02
     0.102000000000E+02    -0.189405000000E-01     0.829699000000E-02
     0.103000000000E+02    -0.218578000000E-01     0.101736600000E-01
     0.104000000000E+02    -0.214376000000E-01     0.141250000000E-03
     0.105000000000E+02    -0.138995000000E-01     0.233497000000E-02
     0.106000000000E+02    -0.170806000000E-01     0.773216000000E-02
     0.107000000000E+02    -0.188337000000E-01     0.658256000000E-02
     0.108000000000E+02    -0.210128000000E-01     0.170128000000E-02
     0.109000000000E+02    -0.121305000000E-01     0.110983000000E-02
     0.110000000000E+02    -0.142830000000E-01     0.696131000000E-02
     0.111000000000E+02    -0.173252000000E-01     0.783754000000E-02
     0.112000000000E+02    -0.210614000000E-01     0.154872000000E-02
     0.113000000000E+02    -0.993760000000E-02    -0.205200000001E-04
     0.114000000000E+02    -0.138659000000E-01     0.870466000000E-02
     0.115000000000E+02    -0.155744000000E-01     0.430887000000E-02
     0.116000000000E+02    -0.179657000000E-01     0.359283000000E-02
     0.117000000000E+02    -0.114576000000E-01    -0.162767000000E-02
     0.118000000000E+02    -0.114693000000E-01     0.871670000000E-02
     0.119000000000E+02    -0.176082000000E-01     0.340252000000E-02
     0.120000000000E+02    -0.130740000000E-01     0.783270000000E-03
     0.121000000000E+02    -0.117426000000E-01     0.475075000000E-02
     0.122000000000E+02    -0.140504000000E-01     0.178468000000E-02
     0.123000000000E+02    -0.119493000000E-01     0.328234000000E-02
     0.124000000000E+02    -0.130155000000E-01     0.302629000000E-02
     0.125000000000E+02    -0.129949000000E-01     0.217100000000E-02
     0.126000000000E+02    -0.109691000000E-01     0.128825000000E-02
     0.127000000000E+02    -0.109542000000E-01     0.579588000000E-02
     0.128000000000E+02    -0.146366600000E-01    -0.274990000000E-03
     0.129000000000E+02    -0.740235000000E-02     0.789450000000E-03
     0.130000000000E+02    -0.123223100000E-01     0.673995000000E-02
     0.131000000000E+02    -0.136498400000E-01     0.778200000000E-03
     0.132000000000E+02    -0.878217000000E-02    -0.595600000000E-04
     0.133000000000E+02    -0.100877200000E-01     0.463469000000E-02
     0.134000000000E+02    -0.112934900000E-01     0.131466000000E-02
     0.135000000000E+02    -0.952236000000E-02     0.353321000000E-02
     0.136000000000E+02    -0.129886000000E-01     0.166696000000E-02
     0.137000000000E+02    -0.855385000000E-02    -0.574560000000E-03
     0.138000000000E+02    -0.810244000000E-02     0.375071000000E-02
     0.139000000000E+02    -0.109990600000E-01     0.297834000000E-02
     0.140000000000E+02    -0.121203100000E-01     0.133276000000E-02
     0.141000000000E+02    -0.867511000000E-02    -0.705950000000E-03
     0.142000000000E+02    -0.643448000000E-02     0.213823000000E-02
     0.143000000000E+02    -0.993533000000E-02     0.350676000000E-02
     0.144000000000E+02    -0.106833800000E-01     0.236082000000E-02
     0.145000000000E+02    -0.925415000000E-02    -0.154819000000E-02
     0.146000000000E+02    -0.653572000000E-02     0.223587000000E-02
     0.147000000000E+02    -0.879265000000E-02     0.281763000000E-02
     0.148000000000E+02    -0.913315000000E-02     0.129413000000E-02
     0.149000000000E+02    -0.836889000000E-02     0.207114000000E-02
     0.150000000000E+02    -0.968021000000E-02     0.469480000000E-03
     0.151000000000E+02    -0.670962000000E-02     0.372310000000E-03
     0.152000000000E+02    -0.672499000000E-02     0.345045000000E-02
     0.153000000000E+02    -0.109953500000E-01     0.272531000000E-02
     0.154000000000E+02    -0.782372000000E-02    -0.181549000000E-02
     0.155000000000E+02    -0.563419000000E-02     0.240215000000E-02
     0.156000000000E+02    -0.918546000000E-02     0.266201000000E-02
     0.157000000000E+02    -0.810470000000E-02    -0.279610000000E-03
     0.158000000000E+02    -0.621508000000E-02     0.137176000000E-02
     0.159000000000E+02    -0.821369000000E-02     0.215298000000E-02
     0.160000000000E+02    -0.810052000000E-02     0.660720000000E-03
     0.161000000000E+02    -0.698428000000E-02     0.239520000000E-03
     0.162000000000E+02    -0.642840000000E-02     0.974210000000E-03
     0.163000000000E+02    -0.731064000000E-02     0.179795000000E-02
     0.164000000000E+02    -0.772520000000E-02     0.149920000000E-02
     0.165000000000E+02    -0.755940000000E-02    -0.398500000000E-03
     0.166000000000E+02    -0.570951000000E-02     0.446310000000E-03
     0.167000000000E+02    -0.598876000000E-02     0.152095000000E-02
     0.168000000000E+02    -0.709995000000E-02     0.190560000000E-02
     0.169000000000E+02    -0.801146000000E-02     0.128690000000E-03
     0.170000000000E+02    -0.570487000000E-02     0.295180000000E-03
     0.171000000000E+02    -0.597246600000E-02     0.693810000000E-03
     0.172000000000E+02    -0.605096000000E-02     0.156463000000E-02
     0.173000000000E+02    -0.682765900000E-02     0.800090000000E-03
     0.174000000000E+02    -0.625986600000E-02     0.555780000000E-03
     0.175000000000E+02    -0.635060200000E-02     0.820970000000E-03
     0.176000000000E+02    -0.601920700000E-02    -0.168600000000E-03
     0.177000000000E+02    -0.511186700000E-02     0.101776000000E-02
     0.178000000000E+02    -0.600427250000E-02     0.150397000000E-02
     0.179000000000E+02    -0.686214140000E-02     0.681910000000E-03
     0.180000000000E+02    -0.618397600000E-02    -0.548683000000E-03
     0.181000000000E+02    -0.475638900000E-02     0.354110000000E-04
     0.182000000000E+02    -0.469253000000E-02     0.124582300000E-02
     0.183000000000E+02    -0.638783700000E-02     0.166406200000E-02
     0.184000000000E+02    -0.672375700000E-02    -0.333426000000E-03
     0.185000000000E+02    -0.478761900000E-02    -0.790190000000E-03
     0.186000000000E+02    -0.434115600000E-02     0.104350000000E-02
     0.187000000000E+02    -0.539918000000E-02     0.976212000000E-03
     0.188000000000E+02    -0.549275000000E-02     0.123525300000E-02
     0.189000000000E+02    -0.627436000000E-02    -0.283052000000E-03
     0.190000000000E+02    -0.458869000000E-02    -0.825228000000E-03
     0.191000000000E+02    -0.362023000000E-02     0.817417000000E-03
     0.192000000000E+02    -0.537846000000E-02     0.165924700000E-02
     0.193000000000E+02    -0.613252000000E-02     0.715920000000E-04
     0.194000000000E+02    -0.452068000000E-02    -0.755179000000E-03
     0.195000000000E+02    -0.395316000000E-02     0.689613000000E-03
     0.196000000000E+02    -0.481555000000E-02     0.702711000000E-03
     0.197000000000E+02    -0.474701000000E-02     0.498937000000E-03
     0.198000000000E+02    -0.492267000000E-02     0.383936000000E-03
     0.199000000000E+02    -0.464161000000E-02    -0.156060000000E-04
     0.200000000000E+02    -0.404053000000E-02     0.119332000000E-03
