           0   6.2172489379008766E-015
           1   1.1169609471265344E-013
           2   1.7244918246606952E-013
           3   2.2227285638324475E-013
           4   2.5011195698886091E-013
           5   2.6988985857177839E-013
           6   2.9049022088483682E-013
           7   3.5133042038229520E-013
           8   4.2259773985783294E-013
           9   5.2195575585449306E-013
          10   5.8976422592397308E-013
          11   6.7443046658579790E-013
          12   7.4380390461521248E-013
          13   8.3120242290568170E-013
          14   9.1386566670437522E-013
          15   9.8676090426129912E-013
          16   1.0578653129978993E-012
          17   1.1189686775675210E-012
          18   1.1846563281660605E-012
          19   1.2333185949675142E-012
          20   1.3096536611095890E-012
          21   1.3744756335534273E-012
          22   1.4670251174598207E-012
          23   1.5449407776596748E-012
          24   1.6340476945425493E-012
          25   1.7166532640268238E-012
          26   1.8054886727320962E-012
          27   1.8767655099020120E-012
          28   1.9723874616421248E-012
          29   2.0345085510488367E-012
          30   2.1174294817235658E-012
          31   2.1816941538970851E-012
          32   2.2549452989208927E-012
          33   2.3436912223409172E-012
          34   2.4341251497576800E-012
          35   2.5413724055271715E-012
          36   2.6651478896785779E-012
          37   2.8005647285664246E-012
          38   2.9600294957704692E-012
          39   3.1431589041229185E-012
          40   3.3499562887936005E-012
          41   3.5634784533298931E-012
          42   3.8052828346570292E-012
          43   4.0507321511899495E-012
          44   4.3166524848838050E-012
          45   4.5635070237002926E-012
          46   4.8201022408598652E-012
          47   5.0618258814127545E-012
          48   5.3112756702600163E-012
          49   5.5467219896262277E-012
          50   5.7859858263977839E-012
          51   6.0142828323884541E-012
          52   6.2534547932907632E-012
          53   6.4848810084752666E-012
          54   6.7241859261549622E-012
          55   6.9631559755182986E-012
          56   7.2165030443119236E-012
          57   7.4659170907497423E-012
          58   7.7344467758381143E-012
          59   7.9965713519899959E-012
          60   8.2853144705975220E-012
          61   8.5712903290149619E-012
          62   8.8858107221709378E-012
          63   9.2009577168112535E-012
          64   9.5578589277847128E-012
          65   9.9175426520279961E-012
          66   1.0324130805491825E-011
          67   1.0724138279349653E-011
          68   1.1167337894100297E-011
          69   1.1589768328352069E-011
          70   1.2059148213504479E-011
          71   1.2500455799597994E-011
          72   1.2989545485773220E-011
          73   1.3453156458180854E-011
          74   1.3962790888977665E-011
          75   1.4440687725405702E-011
          76   1.4951961933257914E-011
          77   1.5431532162521427E-011
          78   1.5931950981184121E-011
          79   1.6404707617793908E-011
          80   1.6894952939242084E-011
          81   1.7358338643362604E-011
          82   1.7840648309946200E-011
          83   1.8295961707427464E-011
          84   1.8763203068817626E-011
          85   1.9210938729568304E-011
          86   1.9671348945081885E-011
          87   2.0111794721700913E-011
          88   2.0566290808854950E-011
          89   2.0996132625325054E-011
          90   2.1450572047077412E-011
          91   2.1876369000483119E-011
          92   2.2331827308864378E-011
          93   2.2755653759595878E-011
          94   2.3216489920730443E-011
          95   2.3634354599993360E-011
          96   2.4095753529676617E-011
          97   2.4501463633165064E-011
          98   2.4955359095836619E-011
          99   2.5359589585877393E-011
         100   2.5813590695179651E-011
         101   2.6211616940450336E-011
         102   2.6670714591540775E-011
         103   2.7071546146987020E-011
         104   2.7548584694424051E-011
         105   2.7963498340571990E-011
         106   2.8480883270099603E-011
         107   2.8930225699289686E-011
         108   2.9509749459319585E-011
         109   3.0039093463342416E-011
         110   3.0727454400180459E-011
         111   3.1394185936983675E-011
         112   3.2254874421064492E-011
         113   3.3132619916414620E-011
         114   3.4273032205189448E-011
         115   3.5522117436498490E-011
         116   3.7185932722072627E-011
         117   3.9194023079269479E-011
         118   4.1948525143427699E-011
         119   4.5493138244634044E-011
         120   5.0375043289763326E-011
         121   5.6704871653179121E-011
         122   6.5177000828553773E-011
         123   7.6173652261182403E-011
         124   9.0537837848021806E-011
         125   1.0869690474452907E-010
         126   1.3170207462295529E-010
         127   1.6027817294597090E-010
         128   1.9523152275465486E-010
         129   2.3725875741159762E-010
         130   2.8772471764711091E-010
         131   3.4881317583781313E-010
         132   4.2383640656945203E-010
         133   5.1420012832887007E-010
         134   6.2048092694553097E-010
         135   7.4551632608899888E-010
         136   8.9284146159621775E-010
         137   1.0683602853266029E-009
         138   1.2806237239745477E-009
         139   1.5400607481691335E-009
         140   1.8614011174545049E-009
         141   2.2564148993377323E-009
         142   2.7424999615357227E-009
         143   3.3257145821444660E-009
         144   4.0086537256453412E-009
         145   4.7998913547359863E-009
         146   5.7234230921067417E-009
         147   6.8187709559768666E-009
         148   8.1331413697955458E-009
         149   9.7284366307252844E-009
         150   1.1690280038901203E-008
         151   1.4126898103866967E-008
         152   1.7172906112936489E-008
         153   2.0946741776564801E-008
         154   2.5611176007884358E-008
         155   3.1371975373502659E-008
         156   3.8475603301615868E-008
         157   4.7444798102020169E-008
         158   5.8494647692281052E-008
         159   7.1938462993797698E-008
         160   8.7860188983433708E-008
         161   1.0593648308746137E-007
         162   1.2558040998462635E-007
         163   1.4629332067106465E-007
         164   1.6727015811354255E-007
         165   1.8798863939216394E-007
         166   2.0871843759372462E-007
         167   2.2995690682453025E-007
         168   2.5214487517272218E-007
         169   2.7656026519570102E-007
         170   3.0466915519366958E-007
         171   3.3906049557955806E-007
         172   3.8210784699226108E-007
         173   4.3630378943672711E-007
         174   5.0356094842231998E-007
         175   5.8493612734940096E-007
         176   6.8214544366826123E-007
         177   7.9760882155327866E-007
         178   9.3441878130519068E-007
         179   1.0969646163798714E-006
         180   1.2877240664728710E-006
         181   1.5213909532895811E-006
         182   1.8173423231402909E-006
         183   2.1937356750208512E-006
         184   2.6612513339385813E-006
         185   3.2380839217224022E-006
         186   3.9437908702628601E-006
         187   4.8101103581581728E-006
         188   5.8474518352329173E-006
         189   7.0515004340269600E-006
         190   8.4300741733197695E-006
         191   1.0016518987714622E-005
         192   1.1889027677033379E-005
         193   1.4135757503813625E-005
         194   1.6838461107872209E-005
         195   2.0103588804037849E-005
         196   2.4078501140902077E-005
         197   2.8981205104429198E-005
         198   3.4985070457637288E-005
         199   4.2091328532486718E-005
         200   5.0352036816721338E-005
         201   5.9728096288601727E-005
         202   7.0258695147026155E-005
         203   8.1992276738790517E-005
         204   9.5118994777447611E-005
         205   1.0977267627932766E-004
         206   1.2621636271649864E-004
         207   1.4482329018060519E-004
         208   1.6567690503817525E-004
         209   1.8874741507191655E-004
         210   2.1431625063671582E-004
         211   2.4351754448687129E-004
         212   2.7718885674310109E-004
         213   3.1670564196478246E-004
         214   3.6444915220494676E-004
         215   4.2412435942440848E-004
         216   4.9887465169308107E-004
         217   5.9360274065695042E-004
         218   7.1398741916375993E-004
         219   8.6460039351591634E-004
         220   1.0539868596190478E-003
         221   1.2849813670619697E-003
         222   1.5558977006702522E-003
         223   1.8668116108551309E-003
         224   2.2230646775293749E-003
         225   2.6270785874018005E-003
         226   3.0803332297004030E-003
         227   3.5870169809484767E-003
         228   4.1674300214845856E-003
         229   4.8613884570849379E-003
         230   5.7034318763469873E-003
         231   6.7263673926220725E-003
         232   7.9471006753064274E-003
         233   9.3942573509938638E-003
         234   1.1077990566066025E-002
         235   1.3012058346900965E-002
         236   1.5229718313782737E-002
         237   1.7731974847286138E-002
         238   2.0579330410748945E-002
         239   2.3903784924045053E-002
         240   2.7824994534667583E-002
         241   3.2432003423632255E-002
         242   3.7881531892467686E-002
         243   4.4329285699177115E-002
         244   5.1849410608542867E-002
         245   6.0567061294077282E-002
         246   7.0808330765910268E-002
         247   8.2882858211878283E-002
         248   9.7195051691546422E-002
         249  0.11456589806055420     
         250  0.13555326809324869     
         251  0.16116397457492229     
         252  0.19200667133123012     
         253  0.22939273117500664     
         254  0.27428911852452453     
         255  0.32681964970447686     
         256  0.38765457346508070     
         257  0.45754681583466661     
         258  0.53756468128406276     
         259  0.62862477819754958     
         260  0.72772718384836999     
         261  0.83121232605592843     
         262  0.93525454588907464     
         263   1.0335410371984679     
         264   1.1217291434726395     
         265   1.1967132951330657     
         266   1.2570006586853819     
         267   1.3032903502794995     
         268   1.3371070360881498     
         269   1.3611329998534654     
         270   1.3778076477468126     
         271   1.3893003032173583     
         272   1.3972511185273719     
         273   1.4027285284382172     
         274   1.4065768676812958     
         275   1.4093120439422033     
         276   1.4112992867761280     
         277   1.4127775856810798     
         278   1.4139386495869348     
         279   1.4149602062875275     
         280   1.4160317727892842     
         281   1.4173562629942027     
         282   1.4191541353350212     
         283   1.4217863423229595     
         284   1.4258185424188150     
         285   1.4321144174680112     
         286   1.4418962873055132     
         287   1.4569399992292804     
         288   1.4794746053351717     
         289   1.5121950002351874     
         290   1.5570763715626967     
         291   1.6143727382273929     
         292   1.6793365505519593     
         293   1.7447385588594282     
         294   1.8032200368009392     
         295   1.8519463022853202     
         296   1.8910037240948432     
         297   1.9213669028717208     
         298   1.9440319073054539     
         299   1.9605546818727659     
         300   1.9723065355295202     
         301   1.9805857581415340     
         302   1.9864197132551247     
         303   1.9905287453636538     
         304   1.9934080171650885     
         305   1.9954435642910999     
         306   1.9968830260421915     
         307   1.9978811013965216     
         308   1.9985669893256228     
         309   1.9990360008364447     
         310   1.9993546896936343     
         311   1.9995695878370285     
         312   1.9997115367090514     
         313   1.9998056933928741     
         314   1.9998686225482800     
         315   1.9999105279085538     
         316   1.9999385145291593     
         317   1.9999575391588407     
         318   1.9999708446713664     
         319   1.9999800826773073     
         320   1.9999864831484839     
         321   1.9999908841984111     
         322   1.9999938981256289     
         323   1.9999959430081260     
         324   1.9999973180157027     
         325   1.9999982384644421     
         326   1.9999988535003776     
         327   1.9999992552340529     
         328   1.9999995177474126     
         329   1.9999996884368823     
         330   1.9999997999265360     
         331   1.9999998728524744     
         332   1.9999999201826224     
         333   1.9999999501505852     
         334   1.9999999689202685     
         335   1.9999999806778310     
         336   1.9999999880010277     
         337   1.9999999925542837     
         338   1.9999999954367644     
         339   1.9999999972441718     
         340   1.9999999983497239     
         341   1.9999999990150332     
         342   1.9999999994126061     
         343   1.9999999996448472     
         344   1.9999999997806019     
         345   1.9999999998622355     
         346   1.9999999999124165     
         347   1.9999999999434832     
         348   1.9999999999630016     
         349   1.9999999999758939     
         350   1.9999999999849538     
         351   1.9999999999919997     
         352   1.9999999999982070     
         353   2.0000000000043161     
         354   2.0000000000109530     
         355   2.0000000000185891     
         356   2.0000000000276588     
         357   2.0000000000384301     
         358   2.0000000000514735     
         359   2.0000000000675948     
         360   2.0000000000879545     
         361   2.0000000001140870     
         362   2.0000000001478280     
         363   2.0000000001911360     
         364   2.0000000002462968     
         365   2.0000000003157150     
         366   2.0000000003989840     
         367   2.0000000004963190     
         368   2.0000000006075043     
         369   2.0000000007370633     
         370   2.0000000008894085     
         371   2.0000000010750707     
         372   2.0000000013108954     
         373   2.0000000016176029     
         374   2.0000000020240338     
         375   2.0000000025762072     
         376   2.0000000033257925     
         377   2.0000000043418127     
         378   2.0000000057118088     
         379   2.0000000075595348     
         380   2.0000000100553184     
         381   2.0000000134024454     
         382   2.0000000178903061     
         383   2.0000000241303959     
         384   2.0000000329707919     
         385   2.0000000454960869     
         386   2.0000000634729211     
         387   2.0000000897329433     
         388   2.0000001290903593     
         389   2.0000001879054481     
         390   2.0000002738887286     
         391   2.0000004002271643     
         392   2.0000005847535571     
         393   2.0000008556036430     
         394   2.0000012464026109     
         395   2.0000018017369268     
         396   2.0000025595899507     
         397   2.0000035510508893     
         398   2.0000048135605279     
         399   2.0000063718716836     
         400   2.0000082523042013     
