           1   1.9650947535881881E-014
           2   1.1169609471270560E-013
           3   1.7045480095421427E-013
           4   2.3922288750556289E-013
           5   2.6381310964712888E-013
           6   2.7705722376696885E-013
           7   3.0042772227401863E-013
           8   3.2915471036449841E-013
           9   3.7074296474748768E-013
          10   4.4234791261459237E-013
          11   5.0679571829476831E-013
          12   5.4215199540601842E-013
          13   5.5638195422529311E-013
          14   5.9498087603391675E-013
          15   6.5062957707755123E-013
          16   7.1889178257273763E-013
          17   7.9953508973879445E-013
          18   8.8240438731370560E-013
          19   9.5692415706418089E-013
          20   1.0113280884866431E-012
          21   1.0586824134492765E-012
          22   1.1097684173042756E-012
          23   1.1691203862155272E-012
          24   1.2257867299394871E-012
          25   1.2900684830934733E-012
          26   1.3530119036370764E-012
          27   1.4135479336760149E-012
          28   1.4676446174932340E-012
          29   1.5138086449684132E-012
          30   1.5706648363867692E-012
          31   1.6358870577440176E-012
          32   1.6924996878298968E-012
          33   1.7424146331930013E-012
          34   1.7830902928762355E-012
          35   1.8209651037524653E-012
          36   1.8595116597658055E-012
          37   1.9135001027547202E-012
          38   1.9602166338631001E-012
          39   2.0150791452047587E-012
          40   2.0850497560368757E-012
          41   2.1562561594669978E-012
          42   2.2309976017468975E-012
          43   2.3065632920826954E-012
          44   2.3894329206130766E-012
          45   2.4726821657558770E-012
          46   2.5491642881056065E-012
          47   2.6366462716215334E-012
          48   2.7402564184552006E-012
          49   2.8586893666343439E-012
          50   2.9926931590868065E-012
          51   3.2155404827682285E-012
          52   3.7210863125433706E-012
          53   5.0110304932150415E-012
          54   8.1939114405750175E-012
          55   1.5226405641685558E-011
          56   2.9644097078189920E-011
          57   5.8653883959807067E-011
          58   1.1680839736363393E-010
          59   2.3358885380649375E-010
          60   4.6587587223004735E-010
          61   9.3049194878680848E-010
          62   1.8588617073065242E-009
          63   3.6946872457864488E-009
          64   7.3769721380096620E-009
          65   1.4811356173659974E-008
          66   2.9731625341613504E-008
          67   5.9659775542227596E-008
          68   1.1932903440693410E-007
          69   2.3976259539908361E-007
          70   4.8021797621797902E-007
          71   9.6302010026307678E-007
          72   1.9254285471009512E-006
          73   3.8455566563115730E-006
          74   7.6525702357384322E-006
          75   1.5297812595606366E-005
          76   3.0649708747374833E-005
          77   6.1520802342658777E-005
          78   1.2297087171201163E-004
          79   2.4526995822270008E-004
          80   4.8927427606821792E-004
          81   9.7918457641338113E-004
          82   1.9609650015528358E-003
          83   3.9357957440469358E-003
          84   7.8825361028701298E-003
          85   1.5734279389290267E-002
          86   3.1570081107004322E-002
          87   6.3337247556361401E-002
          88  0.12701840540943898     
          89  0.25466824976014479     
          90  0.51632014515209868     
          91   1.0767583576213517     
          92   2.1304011172945168     
          93   3.1825492400345299     
          94   4.2755534769929620     
          95   5.0609501527291831     
          96   6.1368327683632922     
          97   7.3083123915243355     
          98   9.0075406795595825     
          99   10.484599110907514     
         100   12.558876870792597     
