#           0   6.9442000955088853E-310
           1   1.3025562639509555E-018
           2   4.8465953417295069E-018
           3   4.9485680749590502E-018
           4   1.4493355730211096E-017
           5   5.6641955022464503E-018
           6   1.3487414632011643E-017
           7   2.3334159101342394E-017
           8   2.3414806546941757E-017
           9   6.6443227499407478E-018
          10   1.9586146600709937E-017
          11   3.0753278455668116E-017
          12   1.7910557816371479E-017
          13   1.7899906597547781E-017
          14   6.2078037458740182E-018
          15   3.0504605619658536E-017
          16   4.2332441700724054E-017
          17   2.8074747775441251E-017
          18   1.0122190698591281E-016
          19   8.2252559226268646E-017
          20   7.4866220176102978E-017
          21   4.8891830249965056E-017
          22   2.6117355170408619E-017
          23   2.8285826311308469E-017
          24   2.7496850058543614E-018
          25   5.0737614212763135E-017
          26   1.4270866859471731E-016
          27   1.5287943001382561E-016
          28   1.1435993583954651E-016
          29   2.9907424874802590E-016
          30   1.0555810678709482E-016
          31   1.5495619204692045E-016
          32   1.7623581425995025E-016
          33   2.6035058857612931E-016
          34   2.4720495786426929E-016
          35   2.9876649165520547E-016
          36   3.6844668357097473E-016
          37   4.9552633729152473E-016
          38   7.3406374030774712E-016
          39   1.1517762771444740E-015
          40   2.0157211279692304E-015
          41   3.9395395670311790E-015
          42   7.7865415464375044E-015
          43   1.5717186680536006E-014
          44   3.1364880094058439E-014
          45   6.2657643120305589E-014
          46   1.2532265300703339E-013
          47   2.5064345228970203E-013
          48   5.0131309215379858E-013
          49   1.0026061143181968E-012
          50   2.0051844235226032E-012
          51   4.0104040510604907E-012
          52   8.0208228502498669E-012
          53   1.6041607753533893E-011
          54   3.2083241181994983E-011
          55   6.4166509670139537E-011
          56   1.2833298067924807E-010
          57   2.5666602871919881E-010
          58   5.1333199045126156E-010
          59   1.0266639968534185E-009
          60   2.0533280473150236E-009
          61   4.1066561664608210E-009
          62   8.2133123573239216E-009
          63   1.6426624786344914E-008
          64   3.2853249517657052E-008
          65   6.5706499072409356E-008
          66   1.3141299822131677E-007
          67   2.6282599645361697E-007
          68   5.2565199279141012E-007
          69   1.0513039856350438E-006
          70   2.1026079712783687E-006
          71   4.2052159424735969E-006
          72   8.4104318849980666E-006
          73   1.6820863769937400E-005
          74   3.3641727540059107E-005
          75   6.7283455080774265E-005
          76   1.3456691016582953E-004
          77   2.6913382036736851E-004
          78   5.3826764102139378E-004
          79   1.0765352843201362E-003
          80   2.1530705867989670E-003
          81   4.3061413185966494E-003
          82   8.6122838028171080E-003
          83   1.7224576934059311E-002
          84   3.4449229037593308E-002
          85   6.8899057906569111E-002
          86  0.13780288933097010     
          87  0.27564448466157776     
          88  0.55159855195463858     
          89   1.1056766962737290     
          90   2.2310395687833915     
          91   4.6176257481007781     
          92   10.348496137591145     
          93   23.416242562409092     
          94   37.484724421247329     
          95   58.724142376476060     
          96   47.124964621985171     
          97   61.124661653357833     
          98   52.841223587502277     
          99   90.299568927382353     
         100   66.664703558449020     
