    3  0.00000000E+00  1.11620441E+01  3.04861738E+00  2.27703673E-02
    2  1.00000000E-01  1.11653625E+01  3.05259528E+00  2.27833405E-02
    1  2.00000000E-01  1.11753192E+01  3.06455634E+00  2.28222604E-02
    1  3.00000000E-01  1.11920204E+01  3.08465463E+00  2.28871989E-02
    1  4.00000000E-01  1.12153571E+01  3.11298683E+00  2.29783251E-02
    1  5.00000000E-01  1.12454204E+01  3.14986633E+00  2.30960555E-02
    1  6.00000000E-01  1.12822231E+01  3.19560671E+00  2.32406983E-02
    1  7.00000000E-01  1.13257868E+01  3.25062090E+00  2.34127145E-02
    1  8.00000000E-01  1.13761328E+01  3.31541505E+00  2.36126591E-02
    1  9.00000000E-01  1.14332692E+01  3.39059357E+00  2.38411926E-02
    1  1.00000000E+00  1.14971859E+01  3.47687098E+00  2.40990965E-02
    1  1.10000000E+00  1.15678426E+01  3.57508346E+00  2.43872852E-02
    1  1.20000000E+00  1.16451563E+01  3.68620255E+00  2.47068232E-02
    1  1.30000000E+00  1.17289823E+01  3.81135076E+00  2.50589448E-02
    1  1.40000000E+00  1.18190915E+01  3.95181894E+00  2.54450774E-02
    1  1.50000000E+00  1.19151395E+01  4.10908491E+00  2.58668698E-02
    1  1.60000000E+00  1.20166266E+01  4.28483275E+00  2.63262244E-02
    1  1.70000000E+00  1.21228467E+01  4.48097122E+00  2.68253338E-02
    1  1.80000000E+00  1.22328203E+01  4.69964892E+00  2.73667234E-02
    1  1.90000000E+00  1.23452098E+01  4.94326219E+00  2.79532962E-02
    1  2.00000000E+00  1.24582116E+01  5.21444955E+00  2.85883796E-02
    1  2.10000000E+00  1.25694233E+01  5.51606289E+00  2.92757692E-02
    1  2.20000000E+00  1.26756833E+01  5.85110162E+00  3.00197605E-02
    1  2.30000000E+00  1.27728868E+01  6.22259005E+00  3.08251566E-02
    1  2.40000000E+00  1.28557895E+01  6.63337320E+00  3.16972297E-02
    1  2.50000000E+00  1.29178265E+01  7.08580228E+00  3.26416081E-02
    1  2.60000000E+00  1.29509964E+01  7.58128566E+00  3.36640508E-02
    1  2.70000000E+00  1.29458883E+01  8.11969995E+00  3.47700709E-02
    1  2.80000000E+00  1.28919536E+01  8.69870021E+00  3.59643837E-02
    1  2.90000000E+00  1.27781246E+01  9.31304174E+00  3.72501978E-02
    1  3.00000000E+00  1.25938201E+01  9.95411237E+00  3.86284459E-02
    1  3.10000000E+00  1.23302448E+01  1.06099238E+01  4.00971524E-02
    1  3.20000000E+00  1.19817067E+01  1.12657500E+01  4.16511975E-02
    1  3.30000000E+00  1.15465528E+01  1.19053892E+01  4.32826961E-02
    1  3.40000000E+00  1.10273902E+01  1.25127447E+01  4.49820238E-02
    1  3.50000000E+00  1.04305370E+01  1.30732458E+01  4.67392636E-02
    1  3.60000000E+00  9.76497754E+00  1.35747158E+01  4.85456771E-02
    1  3.70000000E+00  9.04126083E+00  1.40075821E+01  5.03948255E-02
    1  3.80000000E+00  8.27069831E+00  1.43646185E+01  5.22831310E-02
    1  3.90000000E+00  7.46498864E+00  1.46405444E+01  5.42098638E-02
    1  4.00000000E+00  6.63617153E+00  1.48317668E+01  5.61766622E-02
    1  4.10000000E+00  5.79668492E+00  1.49363989E+01  5.81867567E-02
    1  4.20000000E+00  4.95929326E+00  1.49545130E+01  6.02440864E-02
    1  4.30000000E+00  4.13675035E+00  1.48884596E+01  6.23524841E-02
    1  4.40000000E+00  3.34120449E+00  1.47430427E+01  6.45150581E-02
    1  4.50000000E+00  2.58347882E+00  1.45254062E+01  6.67338366E-02
    1  4.60000000E+00  1.87241409E+00  1.42445977E+01  6.90096765E-02
    1  4.70000000E+00  1.21443437E+00  1.39108896E+01  7.13423955E-02
    1  4.80000000E+00  6.13415842E-01  1.35350053E+01  7.37310566E-02
    1  4.90000000E+00  7.08467061E-02  1.31274006E+01  7.61743248E-02
    1  5.00000000E+00 -4.13801364E-01  1.26977076E+01  7.86708229E-02
    1  5.10000000E+00 -8.42596813E-01  1.22543895E+01  8.12194257E-02
    1  5.20000000E+00 -1.21866388E+00  1.18045931E+01  8.38194614E-02
    1  5.30000000E+00 -1.54575698E+00  1.13541561E+01  8.64708132E-02
    1  5.40000000E+00 -1.82792544E+00  1.09077136E+01  8.91739348E-02
    1  5.50000000E+00 -2.06927251E+00  1.04688526E+01  9.19298059E-02
    1  5.60000000E+00 -2.27379597E+00  1.00402791E+01  9.47398559E-02
    1  5.70000000E+00 -2.44529160E+00  9.62397713E+00  9.76058760E-02
    1  5.80000000E+00 -2.58730120E+00  9.22134783E+00  1.00529934E-01
    1  5.90000000E+00 -2.70309019E+00  8.83332723E+00  1.03514300E-01
    1  6.00000000E+00 -2.79564393E+00  8.46048287E+00  1.06561380E-01
    1  6.10000000E+00 -2.86767525E+00  8.10309212E+00  1.09673665E-01
    1  6.20000000E+00 -2.92163808E+00  7.76120511E+00  1.12853693E-01
    1  6.30000000E+00 -2.95974424E+00  7.43469518E+00  1.16104020E-01
    1  6.40000000E+00 -2.98398127E+00  7.12329948E+00  1.19427195E-01
    1  6.50000000E+00 -2.99613046E+00  6.82665161E+00  1.22825752E-01
    1  6.60000000E+00 -2.99778434E+00  6.54430799E+00  1.26302203E-01
    1  6.70000000E+00 -2.99036332E+00  6.27576918E+00  1.29859034E-01
    1  6.80000000E+00 -2.97513134E+00  6.02049709E+00  1.33498712E-01
    1  6.90000000E+00 -2.95321047E+00  5.77792890E+00  1.37223689E-01
    1  7.00000000E+00 -2.92559427E+00  5.54748818E+00  1.41036424E-01
    1  7.10000000E+00 -2.89316013E+00  5.32859399E+00  1.44939398E-01
    1  7.20000000E+00 -2.85668053E+00  5.12066817E+00  1.48935143E-01
    1  7.30000000E+00 -2.81683344E+00  4.92314124E+00  1.53026268E-01
    1  7.40000000E+00 -2.77421183E+00  4.73545712E+00  1.57215488E-01
    1  7.50000000E+00 -2.72933248E+00  4.55707688E+00  1.61505660E-01
    1  7.60000000E+00 -2.68264416E+00  4.38748163E+00  1.65899806E-01
    1  7.70000000E+00 -2.63453517E+00  4.22617464E+00  1.70401146E-01
    1  7.80000000E+00 -2.58534029E+00  4.07268275E+00  1.75013113E-01
    1  7.90000000E+00 -2.53534718E+00  3.92655728E+00  1.79739381E-01
    1  8.00000000E+00 -2.48480225E+00  3.78737437E+00  1.84583872E-01
    1  8.10000000E+00 -2.43391594E+00  3.65473483E+00  1.89550774E-01
    1  8.20000000E+00 -2.38286750E+00  3.52826375E+00  1.94644543E-01
    1  8.30000000E+00 -2.33180924E+00  3.40760972E+00  1.99869908E-01
    1  8.40000000E+00 -2.28087028E+00  3.29244390E+00  2.05231877E-01
    1  8.50000000E+00 -2.23015987E+00  3.18245889E+00  2.10735733E-01
    1  8.60000000E+00 -2.17977026E+00  3.07736753E+00  2.16387034E-01
    1  8.70000000E+00 -2.12977914E+00  2.97690169E+00  2.22191616E-01
    1  8.80000000E+00 -2.08025184E+00  2.88081094E+00  2.28155587E-01
    1  8.90000000E+00 -2.03124309E+00  2.78886139E+00  2.34285327E-01
    1  9.00000000E+00 -1.98279863E+00  2.70083441E+00  2.40587489E-01
    1  9.10000000E+00 -1.93495649E+00  2.61652555E+00  2.47068997E-01
    1  9.20000000E+00 -1.88774810E+00  2.53574342E+00  2.53737049E-01
    1  9.30000000E+00 -1.84119928E+00  2.45830868E+00  2.60599115E-01
    1  9.40000000E+00 -1.79533099E+00  2.38405312E+00  2.67662943E-01
    1  9.50000000E+00 -1.75016001E+00  2.31281877E+00  2.74936559E-01
    1  9.60000000E+00 -1.70569951E+00  2.24445711E+00  2.82428278E-01
    1  9.70000000E+00 -1.66195952E+00  2.17882836E+00  2.90146702E-01
    1  9.80000000E+00 -1.61894730E+00  2.11580079E+00  2.98100737E-01
    1  9.90000000E+00 -1.57666773E+00  2.05525016E+00  3.06299593E-01
    1  1.00000000E+01 -1.53512354E+00  1.99705913E+00  3.14752800E-01
    1  1.01000000E+01 -1.49431559E+00  1.94111682E+00  3.23470217E-01
    1  1.02000000E+01 -1.45424306E+00  1.88731833E+00  3.32462045E-01
    1  1.03000000E+01 -1.41490367E+00  1.83556435E+00  3.41738837E-01
    1  1.04000000E+01 -1.37629380E+00  1.78576082E+00  3.51311517E-01
    1  1.05000000E+01 -1.33840866E+00  1.73781856E+00  3.61191385E-01
    1  1.06000000E+01 -1.30124240E+00  1.69165299E+00  3.71390142E-01
    1  1.07000000E+01 -1.26478827E+00  1.64718386E+00  3.81919895E-01
    1  1.08000000E+01 -1.22903868E+00  1.60433501E+00  3.92793175E-01
    1  1.09000000E+01 -1.19398531E+00  1.56303410E+00  4.04022951E-01
    1  1.10000000E+01 -1.15961921E+00  1.52321242E+00  4.15622641E-01
    1  1.11000000E+01 -1.12593089E+00  1.48480468E+00  4.27606126E-01
    1  1.12000000E+01 -1.09291038E+00  1.44774884E+00  4.39987760E-01
    1  1.13000000E+01 -1.06054730E+00  1.41198592E+00  4.52782380E-01
    1  1.14000000E+01 -1.02883092E+00  1.37745986E+00  4.66005315E-01
    0  1.15000000E+01 -9.97114547E-01  1.34293380E+00  4.80012033E-01
    1  1.16000000E+01 -9.67320974E-01  1.31194402E+00  4.93786207E-01
    0  1.17000000E+01 -9.37527401E-01  1.28095424E+00  5.08355239E-01
    0  1.18000000E+01 -9.07733828E-01  1.24996446E+00  5.23788437E-01
    1  1.19000000E+01 -8.79579405E-01  1.22163987E+00  5.39102128E-01
    0  1.20000000E+01 -8.51424981E-01  1.19331527E+00  5.55307798E-01
    1  1.21000000E+01 -8.23978065E-01  1.16623734E+00  5.71951493E-01
    0  1.22000000E+01 -7.96531148E-01  1.13915941E+00  5.89582459E-01
    1  1.23000000E+01 -7.70638247E-01  1.11441497E+00  6.07044624E-01
    0  1.24000000E+01 -7.44745345E-01  1.08967053E+00  6.25518560E-01
    0  1.25000000E+01 -7.18852443E-01  1.06492609E+00  6.45090563E-01
    1  1.26000000E+01 -6.94549392E-01  1.04259203E+00  6.64326509E-01
    0  1.27000000E+01 -6.70246341E-01  1.02025797E+00  6.84664988E-01
    0  1.28000000E+01 -6.45943289E-01  9.97923908E-01  7.06197395E-01
    1  1.29000000E+01 -6.22953967E-01  9.77201775E-01  7.27628776E-01
    0  1.30000000E+01 -5.99964645E-01  9.56479642E-01  7.50291401E-01
    1  1.31000000E+01 -5.77544290E-01  9.36798698E-01  7.73479182E-01
    0  1.32000000E+01 -5.55123935E-01  9.17117755E-01  7.98001951E-01
    1  1.33000000E+01 -5.33943086E-01  8.98763909E-01  8.22387331E-01
    0  1.34000000E+01 -5.12762237E-01  8.80410063E-01  8.48140855E-01
    1  1.35000000E+01 -4.92006454E-01  8.62876209E-01  8.74573009E-01
    0  1.36000000E+01 -4.71250671E-01  8.45342354E-01  9.02487030E-01
    1  1.37000000E+01 -4.51712338E-01  8.29007650E-01  9.30113060E-01
    0  1.38000000E+01 -4.32174006E-01  8.12672947E-01  9.59232452E-01
    1  1.39000000E+01 -4.12936303E-01  7.96993163E-01  9.89175658E-01
    0  1.40000000E+01 -3.93698599E-01  7.81313379E-01  1.02072534E+00
    1  1.41000000E+01 -3.75651150E-01  7.66712562E-01  1.05178682E+00
    0  1.42000000E+01 -3.57603700E-01  7.52111744E-01  1.08443379E+00
    1  1.43000000E+01 -3.39747867E-01  7.38037778E-01  1.11802159E+00
    0  1.44000000E+01 -3.21892034E-01  7.23963811E-01  1.15328962E+00
    1  1.45000000E+01 -3.05198193E-01  7.10860684E-01  1.18779897E+00
    0  1.46000000E+01 -2.88504352E-01  6.97757558E-01  1.22392055E+00
    1  1.47000000E+01 -2.71904789E-01  6.85079390E-01  1.26103862E+00
    0  1.48000000E+01 -2.55305226E-01  6.72401222E-01  1.29981792E+00
    1  1.49000000E+01 -2.39840744E-01  6.60598809E-01  1.33747639E+00
    0  1.50000000E+01 -2.24376262E-01  6.48796395E-01  1.37666435E+00
    1  1.51000000E+01 -2.08918231E-01  6.37336518E-01  1.41679244E+00
    0  1.52000000E+01 -1.93460200E-01  6.25876642E-01  1.45841535E+00
    1  1.53000000E+01 -1.79112813E-01  6.15209872E-01  1.49844846E+00
    0  1.54000000E+01 -1.64765427E-01  6.04543101E-01  1.53976642E+00
    1  1.55000000E+01 -1.50344871E-01  5.94151399E-01  1.58179076E+00
    1  1.56000000E+01 -1.36344435E-01  5.83998020E-01  1.62382480E+00
    0  1.57000000E+01 -1.22343998E-01  5.73844641E-01  1.66686544E+00
    1  1.58000000E+01 -1.09075981E-01  5.64422022E-01  1.70793834E+00
    0  1.59000000E+01 -9.58079645E-02  5.54999403E-01  1.74966354E+00
    0  1.60000000E+01 -8.25399476E-02  5.45576784E-01  1.79190854E+00
    1  1.61000000E+01 -6.99035956E-02  5.36735270E-01  1.83204067E+00
    0  1.62000000E+01 -5.72672436E-02  5.27893757E-01  1.87228664E+00
    0  1.63000000E+01 -4.46308916E-02  5.19052243E-01  1.91244869E+00
    1  1.64000000E+01 -3.26901617E-02  5.10914167E-01  1.94929569E+00
    0  1.65000000E+01 -2.07494317E-02  5.02776091E-01  1.98557514E+00
    0  1.66000000E+01 -8.80870173E-03  4.94638015E-01  2.02103949E+00
    0  1.67000000E+01  3.13202824E-03  4.86499939E-01  2.05541353E+00
    1  1.68000000E+01  1.40848063E-02  4.79132842E-01  2.08530183E+00
    0  1.69000000E+01  2.50375843E-02  4.71765746E-01  2.11374242E+00
    1  1.70000000E+01  3.63684582E-02  4.64261883E-01  2.14081948E+00
    1  1.71000000E+01  4.72129328E-02  4.57081760E-01  2.16469669E+00
    0  1.72000000E+01  5.80574074E-02  4.49901636E-01  2.18630065E+00
    0  1.73000000E+01  6.89018820E-02  4.42721513E-01  2.20533967E+00
    1  1.74000000E+01  7.87601484E-02  4.36445915E-01  2.21897359E+00
    0  1.75000000E+01  8.86184147E-02  4.30170317E-01  2.23002038E+00
    0  1.76000000E+01  9.84766811E-02  4.23894719E-01  2.23827698E+00
    1  1.77000000E+01  1.08855162E-01  4.17087761E-01  2.24468040E+00
    1  1.78000000E+01  1.18555539E-01  4.10918564E-01  2.24656786E+00
    0  1.79000000E+01  1.28255916E-01  4.04749367E-01  2.24521943E+00
    0  1.80000000E+01  1.37956293E-01  3.98580170E-01  2.24049718E+00
    1  1.81000000E+01  1.46803809E-01  3.93148554E-01  2.23231280E+00
    0  1.82000000E+01  1.55651326E-01  3.87716937E-01  2.22121473E+00
    0  1.83000000E+01  1.64498842E-01  3.82285321E-01  2.20716541E+00
    0  1.84000000E+01  1.73346359E-01  3.76853705E-01  2.19014818E+00
    0  1.85000000E+01  1.82193876E-01  3.71422089E-01  2.17016833E+00
    0  1.86000000E+01  1.91041392E-01  3.65990472E-01  2.14725378E+00
    0  1.87000000E+01  1.99888909E-01  3.60558856E-01  2.12145527E+00
    1  1.88000000E+01  2.07882829E-01  3.55741172E-01  2.09546651E+00
    0  1.89000000E+01  2.15876750E-01  3.50923488E-01  2.06729515E+00
    1  1.90000000E+01  2.24200326E-01  3.45985056E-01  2.03554812E+00
    0  1.91000000E+01  2.32523901E-01  3.41046625E-01  2.00168033E+00
    1  1.92000000E+01  2.40003023E-01  3.36631239E-01  1.96950162E+00
    0  1.93000000E+01  2.47482145E-01  3.32215853E-01  1.93582303E+00
    1  1.94000000E+01  2.55389099E-01  3.27621340E-01  1.89860109E+00
    0  1.95000000E+01  2.63296054E-01  3.23026827E-01  1.85999137E+00
    1  1.96000000E+01  2.70289055E-01  3.18976277E-01  1.82478579E+00
    0  1.97000000E+01  2.77282057E-01  3.14925727E-01  1.78870483E+00
    1  1.98000000E+01  2.84805050E-01  3.10644787E-01  1.74898720E+00
    1  1.99000000E+01  2.91882410E-01  3.06605898E-01  1.71094637E+00
    0  2.00000000E+01  2.98959770E-01  3.02567008E-01  1.67234554E+00
