#   omega (eV)      epsilon_1       epsilon_2       n               kappa           mu (cm^(-1))    R               epsinv   
    0.000000E+00    0.106054E+02    0.384216E+01    0.230797E+01    0.580743E+00    0.000000E+00    0.299747E+00    0.301970E-01
    0.100000E+00    0.106074E+02    0.384648E+01    0.230837E+01    0.581326E+00    0.589200E-01    0.299815E+00    0.302131E-01
    0.200000E+00    0.106133E+02    0.385948E+01    0.230957E+01    0.583078E+00    0.118195E+00    0.300020E+00    0.302615E-01
    0.300000E+00    0.106231E+02    0.388124E+01    0.231158E+01    0.586011E+00    0.178185E+00    0.300363E+00    0.303424E-01
    0.400000E+00    0.106368E+02    0.391191E+01    0.231438E+01    0.590142E+00    0.239254E+00    0.300842E+00    0.304559E-01
    0.500000E+00    0.106543E+02    0.395168E+01    0.231797E+01    0.595496E+00    0.301781E+00    0.301461E+00    0.306023E-01
    0.600000E+00    0.106755E+02    0.400082E+01    0.232235E+01    0.602106E+00    0.366157E+00    0.302220E+00    0.307820E-01
    0.700000E+00    0.107002E+02    0.405965E+01    0.232751E+01    0.610013E+00    0.432793E+00    0.303120E+00    0.309956E-01
    0.800000E+00    0.107283E+02    0.412857E+01    0.233344E+01    0.619266E+00    0.502123E+00    0.304163E+00    0.312435E-01
    0.900000E+00    0.107596E+02    0.420802E+01    0.234011E+01    0.629922E+00    0.574609E+00    0.305351E+00    0.315265E-01
    0.100000E+01    0.107937E+02    0.429854E+01    0.234753E+01    0.642048E+00    0.650745E+00    0.306687E+00    0.318454E-01
    0.110000E+01    0.108304E+02    0.440072E+01    0.235564E+01    0.655720E+00    0.731062E+00    0.308172E+00    0.322012E-01
    0.120000E+01    0.108692E+02    0.451524E+01    0.236444E+01    0.671024E+00    0.816136E+00    0.309809E+00    0.325948E-01
    0.130000E+01    0.109096E+02    0.464283E+01    0.237387E+01    0.688057E+00    0.906591E+00    0.311601E+00    0.330275E-01
    0.140000E+01    0.109509E+02    0.478431E+01    0.238388E+01    0.706927E+00    0.100310E+01    0.313550E+00    0.335007E-01
    0.150000E+01    0.109924E+02    0.494058E+01    0.239441E+01    0.727751E+00    0.110641E+01    0.315659E+00    0.340160E-01
    0.160000E+01    0.110332E+02    0.511256E+01    0.240538E+01    0.750659E+00    0.121732E+01    0.317931E+00    0.345750E-01
    0.170000E+01    0.110719E+02    0.530126E+01    0.241669E+01    0.775789E+00    0.133671E+01    0.320366E+00    0.351797E-01
    0.180000E+01    0.111073E+02    0.550769E+01    0.242821E+01    0.803289E+00    0.146551E+01    0.322967E+00    0.358322E-01
    0.190000E+01    0.111377E+02    0.573285E+01    0.243978E+01    0.833315E+00    0.160475E+01    0.325734E+00    0.365350E-01
    0.200000E+01    0.111610E+02    0.597770E+01    0.245123E+01    0.866024E+00    0.175551E+01    0.328667E+00    0.372904E-01
    0.210000E+01    0.111749E+02    0.624309E+01    0.246233E+01    0.901573E+00    0.191895E+01    0.331765E+00    0.381014E-01
    0.220000E+01    0.111765E+02    0.652963E+01    0.247280E+01    0.940110E+00    0.209626E+01    0.335023E+00    0.389709E-01
    0.230000E+01    0.111628E+02    0.683767E+01    0.248234E+01    0.981765E+00    0.228865E+01    0.338437E+00    0.399020E-01
    0.240000E+01    0.111300E+02    0.716709E+01    0.249056E+01    0.102664E+01    0.249731E+01    0.341997E+00    0.408977E-01
    0.250000E+01    0.110742E+02    0.751719E+01    0.249705E+01    0.107479E+01    0.272337E+01    0.345693E+00    0.419611E-01
    0.260000E+01    0.109911E+02    0.788650E+01    0.250135E+01    0.112621E+01    0.296780E+01    0.349509E+00    0.430952E-01
    0.270000E+01    0.108763E+02    0.827265E+01    0.250295E+01    0.118081E+01    0.323138E+01    0.353427E+00    0.443023E-01
    0.280000E+01    0.107255E+02    0.867224E+01    0.250132E+01    0.123842E+01    0.351456E+01    0.357426E+00    0.455845E-01
    0.290000E+01    0.105348E+02    0.908075E+01    0.249594E+01    0.129876E+01    0.381742E+01    0.361479E+00    0.469429E-01
    0.300000E+01    0.103009E+02    0.949264E+01    0.248631E+01    0.136142E+01    0.413957E+01    0.365561E+00    0.483778E-01
    0.310000E+01    0.100217E+02    0.990142E+01    0.247201E+01    0.142589E+01    0.448014E+01    0.369643E+00    0.498883E-01
    0.320000E+01    0.969619E+01    0.103000E+02    0.245269E+01    0.149159E+01    0.483775E+01    0.373698E+00    0.514727E-01
    0.330000E+01    0.932509E+01    0.106811E+02    0.242812E+01    0.155786E+01    0.521057E+01    0.377700E+00    0.531284E-01
    0.340000E+01    0.891048E+01    0.110374E+02    0.239821E+01    0.162400E+01    0.559639E+01    0.381627E+00    0.548522E-01
    0.350000E+01    0.845585E+01    0.113623E+02    0.236298E+01    0.168932E+01    0.599271E+01    0.385460E+00    0.566407E-01
    0.360000E+01    0.796589E+01    0.116500E+02    0.232257E+01    0.175316E+01    0.639687E+01    0.389182E+00    0.584904E-01
    0.370000E+01    0.744620E+01    0.118957E+02    0.227721E+01    0.181491E+01    0.680613E+01    0.392784E+00    0.603985E-01
    0.380000E+01    0.690299E+01    0.120957E+02    0.222722E+01    0.187402E+01    0.721773E+01    0.396255E+00    0.623627E-01
    0.390000E+01    0.634281E+01    0.122477E+02    0.217297E+01    0.193000E+01    0.762897E+01    0.399587E+00    0.643812E-01
    0.400000E+01    0.577239E+01    0.123502E+02    0.211488E+01    0.198245E+01    0.803720E+01    0.402774E+00    0.664534E-01
    0.410000E+01    0.519835E+01    0.124030E+02    0.205341E+01    0.203101E+01    0.843992E+01    0.405810E+00    0.685789E-01
    0.420000E+01    0.462714E+01    0.124069E+02    0.198905E+01    0.207540E+01    0.883475E+01    0.408688E+00    0.707583E-01
    0.430000E+01    0.406482E+01    0.123637E+02    0.192229E+01    0.211541E+01    0.921950E+01    0.411402E+00    0.729921E-01
    0.440000E+01    0.351693E+01    0.122760E+02    0.185366E+01    0.215092E+01    0.959223E+01    0.413947E+00    0.752812E-01
    0.450000E+01    0.298839E+01    0.121470E+02    0.178366E+01    0.218183E+01    0.995124E+01    0.416316E+00    0.776266E-01
    0.460000E+01    0.248335E+01    0.119807E+02    0.171281E+01    0.220817E+01    0.102952E+02    0.418506E+00    0.800291E-01
    0.470000E+01    0.200513E+01    0.117815E+02    0.164159E+01    0.223000E+01    0.106230E+02    0.420516E+00    0.824895E-01
    0.480000E+01    0.155620E+01    0.115540E+02    0.157046E+01    0.224745E+01    0.109339E+02    0.422343E+00    0.850083E-01
    0.490000E+01    0.113820E+01    0.113027E+02    0.149981E+01    0.226072E+01    0.112276E+02    0.423991E+00    0.875861E-01
    0.500000E+01    0.751962E+00    0.110323E+02    0.143001E+01    0.227002E+01    0.115038E+02    0.425460E+00    0.902234E-01
    0.510000E+01    0.397630E+00    0.107472E+02    0.136137E+01    0.227562E+01    0.117629E+02    0.426756E+00    0.929207E-01
    0.520000E+01    0.747620E-01    0.104511E+02    0.129414E+01    0.227779E+01    0.120049E+02    0.427884E+00    0.956785E-01
    0.530000E+01   -0.217557E+00    0.101479E+02    0.122853E+01    0.227681E+01    0.122306E+02    0.428849E+00    0.984975E-01
    0.540000E+01   -0.480599E+00    0.984057E+01    0.116468E+01    0.227298E+01    0.124404E+02    0.429659E+00    0.101378E+00
    0.550000E+01   -0.715889E+00    0.953194E+01    0.110272E+01    0.226657E+01    0.126350E+02    0.430319E+00    0.104322E+00
    0.560000E+01   -0.925115E+00    0.922431E+01    0.104273E+01    0.225784E+01    0.128152E+02    0.430838E+00    0.107330E+00
    0.570000E+01   -0.111005E+01    0.891963E+01    0.984740E+00    0.224705E+01    0.129817E+02    0.431222E+00    0.110402E+00
    0.580000E+01   -0.127250E+01    0.861947E+01    0.928781E+00    0.223443E+01    0.131353E+02    0.431476E+00    0.113542E+00
    0.590000E+01   -0.141425E+01    0.832511E+01    0.874850E+00    0.222021E+01    0.132766E+02    0.431608E+00    0.116749E+00
    0.600000E+01   -0.153703E+01    0.803754E+01    0.822931E+00    0.220456E+01    0.134066E+02    0.431624E+00    0.120027E+00
    0.610000E+01   -0.164250E+01    0.775753E+01    0.772992E+00    0.218769E+01    0.135257E+02    0.431528E+00    0.123376E+00
    0.620000E+01   -0.173225E+01    0.748563E+01    0.724993E+00    0.216976E+01    0.136347E+02    0.431326E+00    0.126799E+00
    0.630000E+01   -0.180775E+01    0.722225E+01    0.678884E+00    0.215091E+01    0.137343E+02    0.431023E+00    0.130298E+00
    0.640000E+01   -0.187037E+01    0.696762E+01    0.634612E+00    0.213127E+01    0.138249E+02    0.430623E+00    0.133874E+00
    0.650000E+01   -0.192141E+01    0.672187E+01    0.592119E+00    0.211098E+01    0.139073E+02    0.430131E+00    0.137531E+00
    0.660000E+01   -0.196203E+01    0.648505E+01    0.551343E+00    0.209014E+01    0.139818E+02    0.429551E+00    0.141270E+00
    0.670000E+01   -0.199331E+01    0.625711E+01    0.512222E+00    0.206885E+01    0.140490E+02    0.428886E+00    0.145093E+00
    0.680000E+01   -0.201626E+01    0.603794E+01    0.474692E+00    0.204719E+01    0.141094E+02    0.428141E+00    0.149004E+00
    0.690000E+01   -0.203177E+01    0.582738E+01    0.438689E+00    0.202524E+01    0.141634E+02    0.427319E+00    0.153004E+00
    0.700000E+01   -0.204066E+01    0.562524E+01    0.404152E+00    0.200307E+01    0.142114E+02    0.426423E+00    0.157096E+00
    0.710000E+01   -0.204368E+01    0.543128E+01    0.371017E+00    0.198075E+01    0.142538E+02    0.425457E+00    0.161283E+00
    0.720000E+01   -0.204151E+01    0.524527E+01    0.339225E+00    0.195832E+01    0.142909E+02    0.424423E+00    0.165567E+00
    0.730000E+01   -0.203475E+01    0.506693E+01    0.308715E+00    0.193584E+01    0.143231E+02    0.423324E+00    0.169952E+00
    0.740000E+01   -0.202395E+01    0.489599E+01    0.279430E+00    0.191335E+01    0.143506E+02    0.422164E+00    0.174439E+00
    0.750000E+01   -0.200962E+01    0.473216E+01    0.251315E+00    0.189088E+01    0.143737E+02    0.420944E+00    0.179032E+00
    0.760000E+01   -0.199219E+01    0.457518E+01    0.224317E+00    0.186846E+01    0.143927E+02    0.419668E+00    0.183734E+00
    0.770000E+01   -0.197207E+01    0.442474E+01    0.198383E+00    0.184613E+01    0.144078E+02    0.418337E+00    0.188548E+00
    0.780000E+01   -0.194961E+01    0.428058E+01    0.173465E+00    0.182391E+01    0.144192E+02    0.416954E+00    0.193478E+00
    0.790000E+01   -0.192514E+01    0.414242E+01    0.149516E+00    0.180181E+01    0.144271E+02    0.415521E+00    0.198527E+00
    0.800000E+01   -0.189893E+01    0.400999E+01    0.126490E+00    0.177986E+01    0.144318E+02    0.414040E+00    0.203698E+00
    0.810000E+01   -0.187125E+01    0.388304E+01    0.104345E+00    0.175807E+01    0.144333E+02    0.412512E+00    0.208995E+00
    0.820000E+01   -0.184231E+01    0.376131E+01    0.830411E-01    0.173646E+01    0.144318E+02    0.410939E+00    0.214422E+00
    0.830000E+01   -0.181233E+01    0.364457E+01    0.625390E-01    0.171503E+01    0.144276E+02    0.409322E+00    0.219984E+00
    0.840000E+01   -0.178148E+01    0.353257E+01    0.428026E-01    0.169379E+01    0.144206E+02    0.407664E+00    0.225684E+00
    0.850000E+01   -0.174992E+01    0.342511E+01    0.237972E-01    0.167275E+01    0.144110E+02    0.405964E+00    0.231526E+00
    0.860000E+01   -0.171780E+01    0.332196E+01    0.549042E-02    0.165191E+01    0.143989E+02    0.404225E+00    0.237516E+00
    0.870000E+01   -0.168523E+01    0.322293E+01   -0.121487E-01    0.163128E+01    0.143844E+02    0.402446E+00    0.243658E+00
    0.880000E+01   -0.165234E+01    0.312782E+01   -0.291494E-01    0.161087E+01    0.143676E+02    0.400630E+00    0.249956E+00
    0.890000E+01   -0.161921E+01    0.303645E+01   -0.455389E-01    0.159066E+01    0.143487E+02    0.398776E+00    0.256416E+00
    0.900000E+01   -0.158594E+01    0.294865E+01   -0.613435E-01    0.157067E+01    0.143275E+02    0.396886E+00    0.263044E+00
    0.910000E+01   -0.155260E+01    0.286424E+01   -0.765875E-01    0.155090E+01    0.143044E+02    0.394960E+00    0.269844E+00
    0.920000E+01   -0.151926E+01    0.278308E+01   -0.912941E-01    0.153134E+01    0.142792E+02    0.392999E+00    0.276822E+00
    0.930000E+01   -0.148598E+01    0.270501E+01   -0.105485E+00    0.151200E+01    0.142521E+02    0.391003E+00    0.283984E+00
    0.940000E+01   -0.145282E+01    0.262989E+01   -0.119182E+00    0.149287E+01    0.142231E+02    0.388972E+00    0.291335E+00
    0.950000E+01   -0.141982E+01    0.255760E+01   -0.132403E+00    0.147395E+01    0.141922E+02    0.386907E+00    0.298883E+00
    0.960000E+01   -0.138701E+01    0.248799E+01   -0.145167E+00    0.145525E+01    0.141596E+02    0.384809E+00    0.306633E+00
    0.970000E+01   -0.135445E+01    0.242095E+01   -0.157493E+00    0.143676E+01    0.141253E+02    0.382677E+00    0.314592E+00
    0.980000E+01   -0.132215E+01    0.235637E+01   -0.169396E+00    0.141847E+01    0.140893E+02    0.380512E+00    0.322766E+00
    0.990000E+01   -0.129014E+01    0.229414E+01   -0.180892E+00    0.140039E+01    0.140516E+02    0.378314E+00    0.331162E+00
    0.100000E+02   -0.125846E+01    0.223414E+01   -0.191996E+00    0.138251E+01    0.140123E+02    0.376083E+00    0.339788E+00
    0.101000E+02   -0.122711E+01    0.217630E+01   -0.202722E+00    0.136483E+01    0.139715E+02    0.373821E+00    0.348650E+00
    0.102000E+02   -0.119612E+01    0.212050E+01   -0.213084E+00    0.134735E+01    0.139291E+02    0.371526E+00    0.357756E+00
    0.103000E+02   -0.116549E+01    0.206667E+01   -0.223094E+00    0.133007E+01    0.138853E+02    0.369199E+00    0.367114E+00
    0.104000E+02   -0.113525E+01    0.201472E+01   -0.232765E+00    0.131297E+01    0.138399E+02    0.366840E+00    0.376731E+00
    0.105000E+02   -0.110541E+01    0.196457E+01   -0.242108E+00    0.129607E+01    0.137931E+02    0.364450E+00    0.386615E+00
    0.106000E+02   -0.107596E+01    0.191614E+01   -0.251134E+00    0.127936E+01    0.137449E+02    0.362029E+00    0.396775E+00
    0.107000E+02   -0.104693E+01    0.186936E+01   -0.259854E+00    0.126283E+01    0.136953E+02    0.359576E+00    0.407218E+00
    0.108000E+02   -0.101831E+01    0.182416E+01   -0.268277E+00    0.124648E+01    0.136444E+02    0.357093E+00    0.417953E+00
    0.109000E+02   -0.990103E+00    0.178048E+01   -0.276414E+00    0.123032E+01    0.135921E+02    0.354579E+00    0.428989E+00
    0.110000E+02   -0.962320E+00    0.173825E+01   -0.284272E+00    0.121433E+01    0.135385E+02    0.352034E+00    0.440333E+00
    0.111000E+02   -0.934959E+00    0.169742E+01   -0.291861E+00    0.119851E+01    0.134836E+02    0.349460E+00    0.451997E+00
    0.112000E+02   -0.908021E+00    0.165792E+01   -0.299189E+00    0.118286E+01    0.134275E+02    0.346855E+00    0.463987E+00
    0.113000E+02   -0.881506E+00    0.161971E+01   -0.306263E+00    0.116738E+01    0.133701E+02    0.344220E+00    0.476314E+00
    0.114000E+02   -0.855413E+00    0.158273E+01   -0.313092E+00    0.115207E+01    0.133115E+02    0.341556E+00    0.488986E+00
    0.115000E+02   -0.829740E+00    0.154693E+01   -0.319682E+00    0.113691E+01    0.132516E+02    0.338862E+00    0.502013E+00
    0.116000E+02   -0.804485E+00    0.151226E+01   -0.326040E+00    0.112192E+01    0.131906E+02    0.336139E+00    0.515404E+00
    0.117000E+02   -0.779646E+00    0.147868E+01   -0.332173E+00    0.110709E+01    0.131284E+02    0.333387E+00    0.529168E+00
    0.118000E+02   -0.755218E+00    0.144616E+01   -0.338086E+00    0.109240E+01    0.130650E+02    0.330607E+00    0.543316E+00
    0.119000E+02   -0.731198E+00    0.141463E+01   -0.343786E+00    0.107788E+01    0.130005E+02    0.327798E+00    0.557856E+00
    0.120000E+02   -0.707582E+00    0.138408E+01   -0.349278E+00    0.106350E+01    0.129348E+02    0.324960E+00    0.572798E+00
    0.121000E+02   -0.684366E+00    0.135446E+01   -0.354567E+00    0.104926E+01    0.128680E+02    0.322095E+00    0.588150E+00
    0.122000E+02   -0.661545E+00    0.132573E+01   -0.359659E+00    0.103517E+01    0.128002E+02    0.319203E+00    0.603922E+00
    0.123000E+02   -0.639114E+00    0.129786E+01   -0.364558E+00    0.102122E+01    0.127312E+02    0.316282E+00    0.620124E+00
    0.124000E+02   -0.617067E+00    0.127082E+01   -0.369269E+00    0.100742E+01    0.126612E+02    0.313335E+00    0.636762E+00
    0.125000E+02   -0.595400E+00    0.124457E+01   -0.373796E+00    0.993746E+00    0.125901E+02    0.310361E+00    0.653846E+00
    0.126000E+02   -0.574106E+00    0.121910E+01   -0.378144E+00    0.980210E+00    0.125179E+02    0.307361E+00    0.671384E+00
    0.127000E+02   -0.553181E+00    0.119436E+01   -0.382316E+00    0.966806E+00    0.124448E+02    0.304335E+00    0.689383E+00
    0.128000E+02   -0.532619E+00    0.117034E+01   -0.386317E+00    0.953533E+00    0.123706E+02    0.301283E+00    0.707849E+00
    0.129000E+02   -0.512413E+00    0.114700E+01   -0.390149E+00    0.940389E+00    0.122953E+02    0.298205E+00    0.726790E+00
    0.130000E+02   -0.492558E+00    0.112432E+01   -0.393816E+00    0.927371E+00    0.122191E+02    0.295103E+00    0.746211E+00
    0.131000E+02   -0.473048E+00    0.110227E+01   -0.397321E+00    0.914478E+00    0.121419E+02    0.291976E+00    0.766116E+00
    0.132000E+02   -0.453877E+00    0.108084E+01   -0.400668E+00    0.901707E+00    0.120638E+02    0.288825E+00    0.786510E+00
    0.133000E+02   -0.435040E+00    0.106001E+01   -0.403859E+00    0.889058E+00    0.119846E+02    0.285650E+00    0.807394E+00
    0.134000E+02   -0.416529E+00    0.103974E+01   -0.406897E+00    0.876527E+00    0.119046E+02    0.282452E+00    0.828770E+00
    0.135000E+02   -0.398340E+00    0.102003E+01   -0.409785E+00    0.864115E+00    0.118236E+02    0.279232E+00    0.850639E+00
    0.136000E+02   -0.380467E+00    0.100084E+01   -0.412524E+00    0.851818E+00    0.117417E+02    0.275989E+00    0.872998E+00
    0.137000E+02   -0.362903E+00    0.982176E+00   -0.415118E+00    0.839636E+00    0.116588E+02    0.272725E+00    0.895845E+00
    0.138000E+02   -0.345642E+00    0.964002E+00   -0.417569E+00    0.827568E+00    0.115751E+02    0.269440E+00    0.919175E+00
    0.139000E+02   -0.328680E+00    0.946308E+00   -0.419878E+00    0.815611E+00    0.114906E+02    0.266135E+00    0.942980E+00
    0.140000E+02   -0.312011E+00    0.929076E+00   -0.422048E+00    0.803766E+00    0.114051E+02    0.262810E+00    0.967251E+00
    0.141000E+02   -0.295628E+00    0.912291E+00   -0.424080E+00    0.792030E+00    0.113189E+02    0.259466E+00    0.991976E+00
    0.142000E+02   -0.279526E+00    0.895938E+00   -0.425977E+00    0.780403E+00    0.112318E+02    0.256104E+00    0.101714E+01
    0.143000E+02   -0.263700E+00    0.880003E+00   -0.427740E+00    0.768883E+00    0.111440E+02    0.252725E+00    0.104273E+01
    0.144000E+02   -0.248144E+00    0.864472E+00   -0.429370E+00    0.757471E+00    0.110553E+02    0.249329E+00    0.106872E+01
    0.145000E+02   -0.232853E+00    0.849331E+00   -0.430869E+00    0.746165E+00    0.109660E+02    0.245918E+00    0.109509E+01
    0.146000E+02   -0.217821E+00    0.834568E+00   -0.432239E+00    0.734965E+00    0.108758E+02    0.242493E+00    0.112181E+01
    0.147000E+02   -0.203045E+00    0.820171E+00   -0.433482E+00    0.723870E+00    0.107850E+02    0.239054E+00    0.114885E+01
    0.148000E+02   -0.188517E+00    0.806128E+00   -0.434597E+00    0.712880E+00    0.106935E+02    0.235602E+00    0.117617E+01
    0.149000E+02   -0.174234E+00    0.792428E+00   -0.435588E+00    0.701994E+00    0.106014E+02    0.232139E+00    0.120375E+01
    0.150000E+02   -0.160191E+00    0.779060E+00   -0.436454E+00    0.691213E+00    0.105086E+02    0.228667E+00    0.123153E+01
    0.151000E+02   -0.146382E+00    0.766013E+00   -0.437198E+00    0.680535E+00    0.104153E+02    0.225185E+00    0.125947E+01
    0.152000E+02   -0.132803E+00    0.753278E+00   -0.437820E+00    0.669962E+00    0.103214E+02    0.221696E+00    0.128751E+01
    0.153000E+02   -0.119450E+00    0.740844E+00   -0.438323E+00    0.659493E+00    0.102269E+02    0.218201E+00    0.131561E+01
    0.154000E+02   -0.106317E+00    0.728704E+00   -0.438706E+00    0.649128E+00    0.101320E+02    0.214701E+00    0.134370E+01
    0.155000E+02   -0.934000E-01    0.716846E+00   -0.438972E+00    0.638868E+00    0.100366E+02    0.211198E+00    0.137171E+01
    0.156000E+02   -0.806953E-01    0.705264E+00   -0.439121E+00    0.628713E+00    0.994079E+01    0.207693E+00    0.139959E+01
    0.157000E+02   -0.681981E-01    0.693949E+00   -0.439155E+00    0.618664E+00    0.984460E+01    0.204188E+00    0.142724E+01
    0.158000E+02   -0.559043E-01    0.682893E+00   -0.439075E+00    0.608721E+00    0.974807E+01    0.200685E+00    0.145461E+01
    0.159000E+02   -0.438098E-01    0.672088E+00   -0.438883E+00    0.598884E+00    0.965124E+01    0.197185E+00    0.148161E+01
    0.160000E+02   -0.319106E-01    0.661526E+00   -0.438580E+00    0.589155E+00    0.955416E+01    0.193691E+00    0.150815E+01
    0.161000E+02   -0.202026E-01    0.651202E+00   -0.438167E+00    0.579533E+00    0.945687E+01    0.190204E+00    0.153415E+01
    0.162000E+02   -0.868208E-02    0.641107E+00   -0.437646E+00    0.570021E+00    0.935943E+01    0.186725E+00    0.155952E+01
    0.163000E+02    0.265475E-02    0.631236E+00   -0.437019E+00    0.560619E+00    0.926187E+01    0.183258E+00    0.158417E+01
    0.164000E+02    0.138116E-01    0.621581E+00   -0.436286E+00    0.551327E+00    0.916424E+01    0.179803E+00    0.160801E+01
    0.165000E+02    0.247920E-01    0.612138E+00   -0.435451E+00    0.542147E+00    0.906660E+01    0.176363E+00    0.163094E+01
    0.166000E+02    0.355996E-01    0.602899E+00   -0.434514E+00    0.533080E+00    0.896900E+01    0.172940E+00    0.165289E+01
    0.167000E+02    0.462378E-01    0.593859E+00   -0.433478E+00    0.524127E+00    0.887149E+01    0.169536E+00    0.167375E+01
    0.168000E+02    0.567099E-01    0.585013E+00   -0.432345E+00    0.515289E+00    0.877412E+01    0.166153E+00    0.169345E+01
    0.169000E+02    0.670193E-01    0.576355E+00   -0.431116E+00    0.506567E+00    0.867694E+01    0.162792E+00    0.171189E+01
    0.170000E+02    0.771691E-01    0.567880E+00   -0.429794E+00    0.497961E+00    0.858001E+01    0.159457E+00    0.172901E+01
    0.171000E+02    0.871624E-01    0.559584E+00   -0.428382E+00    0.489474E+00    0.848338E+01    0.156149E+00    0.174471E+01
    0.172000E+02    0.970025E-01    0.551461E+00   -0.426881E+00    0.481105E+00    0.838710E+01    0.152870E+00    0.175894E+01
    0.173000E+02    0.106692E+00    0.543506E+00   -0.425295E+00    0.472857E+00    0.829123E+01    0.149621E+00    0.177163E+01
    0.174000E+02    0.116234E+00    0.535716E+00   -0.423625E+00    0.464729E+00    0.819582E+01    0.146406E+00    0.178274E+01
    0.175000E+02    0.125632E+00    0.528086E+00   -0.421875E+00    0.456723E+00    0.810092E+01    0.143225E+00    0.179220E+01
    0.176000E+02    0.134888E+00    0.520612E+00   -0.420047E+00    0.448840E+00    0.800659E+01    0.140081E+00    0.179998E+01
    0.177000E+02    0.144005E+00    0.513289E+00   -0.418144E+00    0.441079E+00    0.791286E+01    0.136975E+00    0.180607E+01
    0.178000E+02    0.152985E+00    0.506114E+00   -0.416170E+00    0.433443E+00    0.781979E+01    0.133909E+00    0.181042E+01
    0.179000E+02    0.161832E+00    0.499083E+00   -0.414126E+00    0.425930E+00    0.772742E+01    0.130884E+00    0.181305E+01
    0.180000E+02    0.170547E+00    0.492192E+00   -0.412016E+00    0.418542E+00    0.763581E+01    0.127902E+00    0.181394E+01
    0.181000E+02    0.179134E+00    0.485438E+00   -0.409844E+00    0.411279E+00    0.754499E+01    0.124964E+00    0.181310E+01
    0.182000E+02    0.187594E+00    0.478817E+00   -0.407611E+00    0.404141E+00    0.745500E+01    0.122072E+00    0.181056E+01
    0.183000E+02    0.195931E+00    0.472326E+00   -0.405322E+00    0.397128E+00    0.736588E+01    0.119227E+00    0.180635E+01
    0.184000E+02    0.204145E+00    0.465962E+00   -0.402980E+00    0.390240E+00    0.727768E+01    0.116429E+00    0.180050E+01
    0.185000E+02    0.212241E+00    0.459721E+00   -0.400588E+00    0.383476E+00    0.719041E+01    0.113680E+00    0.179306E+01
    0.186000E+02    0.220219E+00    0.453601E+00   -0.398148E+00    0.376838E+00    0.710412E+01    0.110981E+00    0.178407E+01
    0.187000E+02    0.228082E+00    0.447598E+00   -0.395665E+00    0.370323E+00    0.701884E+01    0.108331E+00    0.177361E+01
    0.188000E+02    0.235832E+00    0.441710E+00   -0.393141E+00    0.363931E+00    0.693459E+01    0.105733E+00    0.176173E+01
    0.189000E+02    0.243471E+00    0.435934E+00   -0.390579E+00    0.357662E+00    0.685139E+01    0.103186E+00    0.174852E+01
    0.190000E+02    0.251002E+00    0.430267E+00   -0.387983E+00    0.351515E+00    0.676926E+01    0.100690E+00    0.173403E+01
    0.191000E+02    0.258425E+00    0.424706E+00   -0.385355E+00    0.345489E+00    0.668823E+01    0.982459E-01    0.171835E+01
    0.192000E+02    0.265744E+00    0.419250E+00   -0.382699E+00    0.339583E+00    0.660832E+01    0.958540E-01    0.170157E+01
    0.193000E+02    0.272959E+00    0.413895E+00   -0.380017E+00    0.333796E+00    0.652952E+01    0.935141E-01    0.168376E+01
    0.194000E+02    0.280073E+00    0.408640E+00   -0.377312E+00    0.328126E+00    0.645186E+01    0.912262E-01    0.166501E+01
    0.195000E+02    0.287088E+00    0.403481E+00   -0.374588E+00    0.322572E+00    0.637535E+01    0.889901E-01    0.164541E+01
    0.196000E+02    0.294005E+00    0.398416E+00   -0.371845E+00    0.317132E+00    0.629999E+01    0.868055E-01    0.162503E+01
    0.197000E+02    0.300826E+00    0.393444E+00   -0.369088E+00    0.311806E+00    0.622579E+01    0.846722E-01    0.160396E+01
    0.198000E+02    0.307553E+00    0.388563E+00   -0.366319E+00    0.306592E+00    0.615274E+01    0.825897E-01    0.158229E+01
    0.199000E+02    0.314187E+00    0.383769E+00   -0.363540E+00    0.301487E+00    0.608086E+01    0.805575E-01    0.156009E+01
    0.200000E+02    0.320731E+00    0.379061E+00   -0.360753E+00    0.296490E+00    0.601013E+01    0.785752E-01    0.153743E+01
