    3  0.00000000E-02  6.87666473E+00  1.31202251E+00  2.67705496E-02
    3  1.00000000E-02  6.87666473E+00  1.31202251E+00  2.67705496E-02
    2  1.10000000E-01  7.01391502E+00  1.37800223E+00  2.69699981E-02
    1  2.10000000E-01  7.15741478E+00  1.44874426E+00  2.71669537E-02
    1  3.10000000E-01  7.30798372E+00  1.52535865E+00  2.73688695E-02
    1  4.10000000E-01  7.46568065E+00  1.60846581E+00  2.75783249E-02
    1  5.10000000E-01  7.63177148E+00  1.69887003E+00  2.77910581E-02
    1  6.10000000E-01  7.80540329E+00  1.79696453E+00  2.80104324E-02
    1  7.10000000E-01  7.98888415E+00  1.90423252E+00  2.82324463E-02
    1  8.10000000E-01  8.18085208E+00  2.02137555E+00  2.84651470E-02
    1  9.10000000E-01  8.38417611E+00  2.14990350E+00  2.86973320E-02
    1  1.01000000E+00  8.59699529E+00  2.29126393E+00  2.89453701E-02
    1  1.11000000E+00  8.82291979E+00  2.44704453E+00  2.91898829E-02
    1  1.21000000E+00  9.05938930E+00  2.61954135E+00  2.94547158E-02
    2  1.31000000E+00  9.31169235E+00  2.81374604E+00  2.97358261E-02
    1  1.41000000E+00  9.57534978E+00  3.02677747E+00  3.00130523E-02
    1  1.51000000E+00  9.85523950E+00  3.26734166E+00  3.03089355E-02
    2  1.61000000E+00  1.01489516E+01  3.53793120E+00  3.06266192E-02
    1  1.71000000E+00  1.04576112E+01  3.84041146E+00  3.09435126E-02
    1  1.81000000E+00  1.07815322E+01  4.18719415E+00  3.13005005E-02
    2  1.91000000E+00  1.11194301E+01  4.58038686E+00  3.16715116E-02
    2  2.01000000E+00  1.14692383E+01  5.02935192E+00  3.20672162E-02
    2  2.11000000E+00  1.18275556E+01  5.54520514E+00  3.24964430E-02
    2  2.21000000E+00  1.21884507E+01  6.13945340E+00  3.29632925E-02
    2  2.31000000E+00  1.25424785E+01  6.82593654E+00  3.34757054E-02
    2  2.41000000E+00  1.28750482E+01  7.61983084E+00  3.40431375E-02
    2  2.51000000E+00  1.31643819E+01  8.53654421E+00  3.46769368E-02
    2  2.61000000E+00  1.33791644E+01  9.58923921E+00  3.53904515E-02
    2  2.71000000E+00  1.34766162E+01  1.07841715E+01  3.61985115E-02
    3  2.81000000E+00  1.33995706E+01  1.21145731E+01  3.71258071E-02
    3  2.91000000E+00  1.30923331E+01  1.35453856E+01  3.81682020E-02
    3  3.01000000E+00  1.25002497E+01  1.50147844E+01  3.93366118E-02
    3  3.11000000E+00  1.15979664E+01  1.64312973E+01  4.06212184E-02
    3  3.21000000E+00  1.04050077E+01  1.76935002E+01  4.19949838E-02
    3  3.31000000E+00  8.98595406E+00  1.87196425E+01  4.34156804E-02
    3  3.41000000E+00  7.42886005E+00  1.94696718E+01  4.48345403E-02
    3  3.51000000E+00  5.81607090E+00  1.99453091E+01  4.62079858E-02
    3  3.61000000E+00  4.20653047E+00  2.01723313E+01  4.75070263E-02
    3  3.71000000E+00  2.63548342E+00  2.01807828E+01  4.87211659E-02
    3  3.81000000E+00  1.12447392E+00  1.99939897E+01  4.98573313E-02
    3  3.91000000E+00 -3.07657785E-01  1.96278260E+01  5.09355629E-02
    3  4.01000000E+00 -1.63864876E+00  1.90964912E+01  5.19828824E-02
    3  4.11000000E+00 -2.84332636E+00  1.84194028E+01  5.30270064E-02
    3  4.21000000E+00 -3.89872074E+00  1.76247932E+01  5.40914328E-02
    3  4.31000000E+00 -4.79000932E+00  1.67485700E+01  5.51922395E-02
    3  4.41000000E+00 -5.51420790E+00  1.58296138E+01  5.63365210E-02
    3  4.51000000E+00 -6.08025190E+00  1.49039892E+01  5.75225152E-02
    3  4.61000000E+00 -6.50600331E+00  1.40004696E+01  5.87412832E-02
    3  4.71000000E+00 -6.81388017E+00  1.31385890E+01  5.99794566E-02
    3  4.81000000E+00 -7.02679470E+00  1.23290630E+01  6.12223791E-02
    3  4.91000000E+00 -7.16534821E+00  1.15756643E+01  6.24569738E-02
    2  5.01000000E+00 -7.24300705E+00  1.08771356E+01  6.36934466E-02
    2  5.11000000E+00 -7.28013206E+00  1.02324002E+01  6.48842650E-02
    2  5.21000000E+00 -7.28339271E+00  9.63400025E+00  6.60488368E-02
    2  5.31000000E+00 -7.25783445E+00  9.08013295E+00  6.71980360E-02
    2  5.41000000E+00 -7.21109852E+00  8.56541161E+00  6.83231237E-02
    2  5.51000000E+00 -7.14599769E+00  8.08744559E+00  6.94367873E-02
    2  5.61000000E+00 -7.06658496E+00  7.64308738E+00  7.05385049E-02
    2  5.71000000E+00 -6.97550783E+00  7.22983430E+00  7.16334318E-02
    2  5.81000000E+00 -6.87523751E+00  6.84536699E+00  7.27240709E-02
    2  5.91000000E+00 -6.76780295E+00  6.48756448E+00  7.38132064E-02
    2  6.01000000E+00 -6.65495511E+00  6.15446655E+00  7.49029414E-02
    2  6.11000000E+00 -6.53818057E+00  5.84424066E+00  7.59950086E-02
    2  6.21000000E+00 -6.41873750E+00  5.55518415E+00  7.70908124E-02
    2  6.31000000E+00 -6.29767770E+00  5.28570127E+00  7.81915616E-02
    2  6.41000000E+00 -6.17586863E+00  5.03430794E+00  7.92984104E-02
    2  6.51000000E+00 -6.05402980E+00  4.79964813E+00  8.04124155E-02
    1  6.61000000E+00 -5.93163962E+00  4.58221144E+00  8.15615706E-02
    1  6.71000000E+00 -5.81144174E+00  4.37741359E+00  8.26947439E-02
    1  6.81000000E+00 -5.69341809E+00  4.18507275E+00  8.38190641E-02
    2  6.91000000E+00 -5.57730273E+00  4.00509949E+00  8.49489606E-02
    1  7.01000000E+00 -5.46168161E+00  3.83781518E+00  8.61292476E-02
    1  7.11000000E+00 -5.34957385E+00  3.68088258E+00  8.72933054E-02
    2  7.21000000E+00 -5.24069720E+00  3.53174176E+00  8.84303744E-02
    1  7.31000000E+00 -5.13292262E+00  3.39354976E+00  8.96268936E-02
    1  7.41000000E+00 -5.02859351E+00  3.26273310E+00  9.08025369E-02
    2  7.51000000E+00 -4.92817808E+00  3.13839020E+00  9.19366785E-02
    1  7.61000000E+00 -4.82884551E+00  3.02261047E+00  9.31354421E-02
    1  7.71000000E+00 -4.73305512E+00  2.91207558E+00  9.42968737E-02
    2  7.81000000E+00 -4.64069215E+00  2.80691918E+00  9.54253429E-02
    1  7.91000000E+00 -4.54949342E+00  2.70835279E+00  9.66127953E-02
    1  8.01000000E+00 -4.46157880E+00  2.61376736E+00  9.77567371E-02
    1  8.11000000E+00 -4.37596445E+00  2.52380831E+00  9.89004518E-02
    2  8.21000000E+00 -4.29310630E+00  2.43799388E+00  1.00022002E-01
    1  8.31000000E+00 -4.21136401E+00  2.35652423E+00  1.01187048E-01
    1  8.41000000E+00 -4.13236533E+00  2.27891609E+00  1.02331663E-01
    1  8.51000000E+00 -4.05481239E+00  2.20408577E+00  1.03480646E-01
    2  8.61000000E+00 -3.98024785E+00  2.13267044E+00  1.04590574E-01
    1  8.71000000E+00 -3.90625930E+00  2.06479228E+00  1.05766216E-01
    1  8.81000000E+00 -3.83461431E+00  1.99970984E+00  1.06918594E-01
    1  8.91000000E+00 -3.76437782E+00  1.93702637E+00  1.08077239E-01
    2  9.01000000E+00 -3.69634692E+00  1.87710147E+00  1.09219592E-01
    1  9.11000000E+00 -3.62903207E+00  1.81994874E+00  1.10419798E-01
    1  9.21000000E+00 -3.56365341E+00  1.76520349E+00  1.11611760E-01
    1  9.31000000E+00 -3.49939319E+00  1.71237799E+00  1.12819805E-01
    1  9.41000000E+00 -3.43663209E+00  1.66201525E+00  1.14049646E-01
    1  9.51000000E+00 -3.37525286E+00  1.61369330E+00  1.15293965E-01
    2  9.61000000E+00 -3.31594510E+00  1.56706449E+00  1.16500124E-01
    1  9.71000000E+00 -3.25701104E+00  1.52263901E+00  1.17791596E-01
    1  9.81000000E+00 -3.19976603E+00  1.48021655E+00  1.19088567E-01
    1  9.91000000E+00 -3.14345634E+00  1.43911764E+00  1.20404301E-01
    1  1.00100000E+01 -3.08848624E+00  1.39995413E+00  1.21749765E-01
    1  1.01100000E+01 -3.03467690E+00  1.36233009E+00  1.23118354E-01
    1  1.02100000E+01 -2.98212286E+00  1.32611014E+00  1.24498390E-01
    1  1.03100000E+01 -2.93072715E+00  1.29141100E+00  1.25906511E-01
    1  1.04100000E+01 -2.88043015E+00  1.25807299E+00  1.27340150E-01
    1  1.05100000E+01 -2.83125903E+00  1.22602519E+00  1.28795449E-01
    1  1.06100000E+01 -2.78315341E+00  1.19525876E+00  1.30279307E-01
    1  1.07100000E+01 -2.73607842E+00  1.16567909E+00  1.31790609E-01
    1  1.08100000E+01 -2.69003586E+00  1.13724196E+00  1.33328683E-01
    1  1.09100000E+01 -2.64499080E+00  1.10990625E+00  1.34895969E-01
    1  1.10100000E+01 -2.60091973E+00  1.08360109E+00  1.36491312E-01
    1  1.11100000E+01 -2.55780767E+00  1.05829347E+00  1.38115771E-01
    1  1.12100000E+01 -2.51562642E+00  1.03393791E+00  1.39770375E-01
    1  1.13100000E+01 -2.47435740E+00  1.01048011E+00  1.41454196E-01
    1  1.14100000E+01 -2.43398288E+00  9.87891080E-01  1.43168441E-01
    1  1.15100000E+01 -2.39447405E+00  9.66125253E-01  1.44913630E-01
    1  1.16100000E+01 -2.35581688E+00  9.45141154E-01  1.46688958E-01
    1  1.17100000E+01 -2.31799116E+00  9.24912325E-01  1.48495709E-01
    1  1.18100000E+01 -2.28096986E+00  9.05397157E-01  1.50334082E-01
    1  1.19100000E+01 -2.24474083E+00  8.86562252E-01  1.52203343E-01
    1  1.20100000E+01 -2.20928229E+00  8.68384319E-01  1.54104934E-01
    1  1.21100000E+01 -2.17457026E+00  8.50827153E-01  1.56038839E-01
    1  1.22100000E+01 -2.14059290E+00  8.33862826E-01  1.58004421E-01
    1  1.23100000E+01 -2.10732915E+00  8.17471824E-01  1.60003212E-01
    1  1.24100000E+01 -2.07475751E+00  8.01622709E-01  1.62035059E-01
    1  1.25100000E+01 -2.04286657E+00  7.86292037E-01  1.64099418E-01
    1  1.26100000E+01 -2.01163765E+00  7.71463611E-01  1.66197727E-01
    1  1.27100000E+01 -1.98105071E+00  7.57109793E-01  1.68329769E-01
    1  1.28100000E+01 -1.95109582E+00  7.43210756E-01  1.70494925E-01
    1  1.29100000E+01 -1.92175664E+00  7.29752531E-01  1.72694398E-01
    1  1.30100000E+01 -1.89301429E+00  7.16710708E-01  1.74927920E-01
    1  1.31100000E+01 -1.86486061E+00  7.04067878E-01  1.77194574E-01
    1  1.32100000E+01 -1.83728102E+00  6.91811461E-01  1.79495259E-01
    1  1.33100000E+01 -1.81025773E+00  6.79919937E-01  1.81829632E-01
    1  1.34100000E+01 -1.78378386E+00  6.68377192E-01  1.84196331E-01
    1  1.35100000E+01 -1.75784611E+00  6.57171708E-01  1.86595917E-01
    1  1.36100000E+01 -1.73242767E+00  6.46284585E-01  1.89027958E-01
    1  1.37100000E+01 -1.70752204E+00  6.35700330E-01  1.91490628E-01
    1  1.38100000E+01 -1.68311715E+00  6.25408414E-01  1.93984095E-01
    1  1.39100000E+01 -1.65919686E+00  6.15392369E-01  1.96507893E-01
    1  1.40100000E+01 -1.63575430E+00  6.05637118E-01  1.99059791E-01
    1  1.41100000E+01 -1.61277870E+00  5.96133020E-01  2.01639504E-01
    1  1.42100000E+01 -1.59025426E+00  5.86865969E-01  2.04246625E-01
    1  1.43100000E+01 -1.56817328E+00  5.77821424E-01  2.06878664E-01
    1  1.44100000E+01 -1.54652621E+00  5.68990421E-01  2.09534818E-01
    1  1.45100000E+01 -1.52529753E+00  5.60361245E-01  2.12214858E-01
    1  1.46100000E+01 -1.50447836E+00  5.51920224E-01  2.14916258E-01
    0  1.47100000E+01 -1.48365919E+00  5.43479204E-01  2.17686495E-01
    1  1.48100000E+01 -1.46395251E+00  5.35604492E-01  2.20410729E-01
    1  1.49100000E+01 -1.44450666E+00  5.27658623E-01  2.23109287E-01
    0  1.50100000E+01 -1.42506081E+00  5.19712754E-01  2.25873714E-01
    1  1.51100000E+01 -1.40597386E+00  5.12264566E-01  2.28773542E-01
    1  1.52100000E+01 -1.38754987E+00  5.04861093E-01  2.31568604E-01
    1  1.53100000E+01 -1.36940444E+00  4.97378639E-01  2.34319222E-01
    0  1.54100000E+01 -1.35125900E+00  4.89896185E-01  2.37134606E-01
    1  1.55100000E+01 -1.33366795E+00  4.82937728E-01  2.40040737E-01
    1  1.56100000E+01 -1.31645077E+00  4.75939480E-01  2.42880665E-01
    0  1.57100000E+01 -1.29923358E+00  4.68941232E-01  2.45787433E-01
    1  1.58100000E+01 -1.28256292E+00  4.62186178E-01  2.48676545E-01
    1  1.59100000E+01 -1.26617846E+00  4.55360790E-01  2.51502547E-01
    0  1.60100000E+01 -1.24979400E+00  4.48535401E-01  2.54391605E-01
    1  1.61100000E+01 -1.23380097E+00  4.42110419E-01  2.57381153E-01
    1  1.62100000E+01 -1.21821867E+00  4.35628109E-01  2.60258498E-01
    0  1.63100000E+01 -1.20263636E+00  4.29145800E-01  2.63198843E-01
    1  1.64100000E+01 -1.18734760E+00  4.22817975E-01  2.66162739E-01
    1  1.65100000E+01 -1.17234195E+00  4.16485705E-01  2.69074383E-01
    0  1.66100000E+01 -1.15733630E+00  4.10153435E-01  2.72047611E-01
    1  1.67100000E+01 -1.14266601E+00  4.04164860E-01  2.75122720E-01
    1  1.68100000E+01 -1.12834401E+00  3.98076263E-01  2.78059047E-01
    1  1.69100000E+01 -1.11405547E+00  3.91936448E-01  2.81011657E-01
    0  1.70100000E+01 -1.09976693E+00  3.85796633E-01  2.84023524E-01
    1  1.71100000E+01 -1.08588338E+00  3.80219131E-01  2.87237637E-01
    1  1.72100000E+01 -1.07221966E+00  3.74422157E-01  2.90284172E-01
    1  1.73100000E+01 -1.05855314E+00  3.68577823E-01  2.93363908E-01
    0  1.74100000E+01 -1.04488661E+00  3.62733488E-01  2.96505052E-01
    1  1.75100000E+01 -1.03165475E+00  3.57453427E-01  2.99855785E-01
    1  1.76100000E+01 -1.01863534E+00  3.51913327E-01  3.02991958E-01
    1  1.77100000E+01 -1.00551514E+00  3.46309012E-01  3.06199721E-01
    1  1.78100000E+01 -9.92514387E-01  3.41011261E-01  3.09623633E-01
    1  1.79100000E+01 -9.79816577E-01  3.35760520E-01  3.12982980E-01
    0  1.80100000E+01 -9.67118768E-01  3.30509779E-01  3.16411912E-01
    1  1.81100000E+01 -9.54656381E-01  3.25372345E-01  3.19859261E-01
    1  1.82100000E+01 -9.42236053E-01  3.20244898E-01  3.23360289E-01
    1  1.83100000E+01 -9.29948970E-01  3.15243021E-01  3.26953431E-01
    0  1.84100000E+01 -9.17661887E-01  3.10241143E-01  3.30623096E-01
    1  1.85100000E+01 -9.05795288E-01  3.05491012E-01  3.34312105E-01
    1  1.86100000E+01 -8.93884280E-01  3.00645956E-01  3.38025834E-01
    1  1.87100000E+01 -8.81990749E-01  2.95949535E-01  3.41942983E-01
    1  1.88100000E+01 -8.70322996E-01  2.91381148E-01  3.45908385E-01
    1  1.89100000E+01 -8.58782689E-01  2.86788792E-01  3.49846736E-01
    0  1.90100000E+01 -8.47242382E-01  2.82196436E-01  3.53871527E-01
    1  1.91100000E+01 -8.35874262E-01  2.77962469E-01  3.58222640E-01
    1  1.92100000E+01 -8.24693816E-01  2.73689364E-01  3.62490102E-01
    1  1.93100000E+01 -8.13540945E-01  2.69344523E-01  3.66756852E-01
    1  1.94100000E+01 -8.02417737E-01  2.65184042E-01  3.71303878E-01
    1  1.95100000E+01 -7.91504424E-01  2.61156128E-01  3.75936345E-01
    0  1.96100000E+01 -7.80591110E-01  2.57128213E-01  3.80684003E-01
    1  1.97100000E+01 -7.69964892E-01  2.53237709E-01  3.85460031E-01
    1  1.98100000E+01 -7.59363868E-01  2.49284251E-01  3.90252926E-01
    1  1.99100000E+01 -7.48762448E-01  2.45487058E-01  3.95367145E-01
