#   omega (eV)      epsilon_1       epsilon_2       n               kappa           mu (cm^(-1))    R               epsinv   
    0.000000E+00    0.133039E+02    0.638378E-15    0.264744E+01    0.875103E-16    0.000000E+00    0.324508E+00    0.360681E-17
    0.100000E+00    0.133120E+02    0.162979E-01    0.264856E+01    0.223347E-02    0.226372E-03    0.324626E+00    0.919699E-04
    0.200000E+00    0.133364E+02    0.327410E-01    0.265191E+01    0.448273E-02    0.908691E-03    0.324979E+00    0.184083E-03
    0.300000E+00    0.133774E+02    0.494782E-01    0.265751E+01    0.676392E-02    0.205666E-02    0.325570E+00    0.276483E-03
    0.400000E+00    0.134352E+02    0.666653E-01    0.266542E+01    0.909381E-02    0.368680E-02    0.326402E+00    0.369318E-03
    0.500000E+00    0.135105E+02    0.844690E-01    0.267568E+01    0.114903E-01    0.582295E-02    0.327479E+00    0.462742E-03
    0.600000E+00    0.136039E+02    0.103072E+00    0.268837E+01    0.139726E-01    0.849710E-02    0.328808E+00    0.556917E-03
    0.700000E+00    0.137163E+02    0.122677E+00    0.270359E+01    0.165619E-01    0.117504E-01    0.330395E+00    0.652013E-03
    0.800000E+00    0.138488E+02    0.143515E+00    0.272145E+01    0.192822E-01    0.156347E-01    0.332250E+00    0.748216E-03
    0.900000E+00    0.140028E+02    0.165852E+00    0.274210E+01    0.221603E-01    0.202144E-01    0.334383E+00    0.845725E-03
    0.100000E+01    0.141799E+02    0.189997E+00    0.276571E+01    0.252273E-01    0.255691E-01    0.336807E+00    0.944763E-03
    0.110000E+01    0.143821E+02    0.216320E+00    0.279248E+01    0.285197E-01    0.317966E-01    0.339539E+00    0.104558E-02
    0.120000E+01    0.146117E+02    0.245264E+00    0.282266E+01    0.320803E-01    0.390178E-01    0.342594E+00    0.114845E-02
    0.130000E+01    0.148715E+02    0.277367E+00    0.285653E+01    0.359607E-01    0.473821E-01    0.345995E+00    0.125370E-02
    0.140000E+01    0.151651E+02    0.313296E+00    0.289445E+01    0.402235E-01    0.570757E-01    0.349767E+00    0.136169E-02
    0.150000E+01    0.154965E+02    0.353886E+00    0.293682E+01    0.449457E-01    0.683318E-01    0.353937E+00    0.147288E-02
    0.160000E+01    0.158709E+02    0.400196E+00    0.298415E+01    0.502235E-01    0.814462E-01    0.358540E+00    0.158779E-02
    0.170000E+01    0.162945E+02    0.453592E+00    0.303704E+01    0.561789E-01    0.967977E-01    0.363617E+00    0.170705E-02
    0.180000E+01    0.167751E+02    0.515868E+00    0.309622E+01    0.629687E-01    0.114879E+00    0.369217E+00    0.183146E-02
    0.190000E+01    0.173224E+02    0.589422E+00    0.316262E+01    0.707994E-01    0.136341E+00    0.375396E+00    0.196204E-02
    0.200000E+01    0.179489E+02    0.677530E+00    0.323737E+01    0.799470E-01    0.162060E+00    0.382228E+00    0.210007E-02
    0.210000E+01    0.186709E+02    0.784783E+00    0.332193E+01    0.907908E-01    0.193243E+00    0.389799E+00    0.224727E-02
    0.220000E+01    0.195096E+02    0.917796E+00    0.341818E+01    0.103866E+00    0.231600E+00    0.398221E+00    0.240597E-02
    0.230000E+01    0.204940E+02    0.108643E+01    0.352862E+01    0.119952E+00    0.279627E+00    0.407637E+00    0.257948E-02
    0.240000E+01    0.216644E+02    0.130603E+01    0.365661E+01    0.140234E+00    0.341119E+00    0.418231E+00    0.277258E-02
    0.250000E+01    0.230787E+02    0.160162E+01    0.380691E+01    0.166595E+00    0.422130E+00    0.430258E+00    0.299262E-02
    0.260000E+01    0.248235E+02    0.201681E+01    0.398642E+01    0.202230E+00    0.532921E+00    0.444071E+00    0.325149E-02
    0.270000E+01    0.270349E+02    0.263397E+01    0.420566E+01    0.252991E+00    0.692329E+00    0.460193E+00    0.356991E-02
    0.280000E+01    0.299385E+02    0.362663E+01    0.448160E+01    0.330800E+00    0.938787E+00    0.479437E+00    0.398765E-02
    0.290000E+01    0.339234E+02    0.541920E+01    0.484281E+01    0.463749E+00    0.136309E+01    0.503153E+00    0.459191E-02
    0.300000E+01    0.395824E+02    0.927721E+01    0.533394E+01    0.732342E+00    0.222679E+01    0.533609E+00    0.561291E-02
    0.310000E+01    0.460845E+02    0.193228E+02    0.593023E+01    0.139409E+01    0.438023E+01    0.572419E+00    0.773792E-02
    0.320000E+01    0.415170E+02    0.372076E+02    0.597377E+01    0.266768E+01    0.865222E+01    0.605431E+00    0.119713E-01
    0.330000E+01    0.260664E+02    0.412210E+02    0.511709E+01    0.336933E+01    0.112694E+02    0.605383E+00    0.173297E-01
    0.340000E+01    0.197474E+02    0.388120E+02    0.462558E+01    0.344960E+01    0.118875E+02    0.596719E+00    0.204669E-01
    0.350000E+01    0.151861E+02    0.375409E+02    0.427647E+01    0.355739E+01    0.126195E+02    0.594501E+00    0.228917E-01
    0.360000E+01    0.127748E+02    0.359223E+02    0.404485E+01    0.356030E+01    0.129907E+02    0.589982E+00    0.247125E-01
    0.370000E+01    0.122141E+02    0.360787E+02    0.401519E+01    0.359695E+01    0.134890E+02    0.591601E+00    0.248671E-01
    0.380000E+01    0.111968E+02    0.390708E+02    0.409119E+01    0.383710E+01    0.147785E+02    0.607055E+00    0.236521E-01
    0.390000E+01    0.660673E+01    0.437658E+02    0.404323E+01    0.433906E+01    0.171516E+02    0.635526E+00    0.223398E-01
    0.400000E+01   -0.210311E+01    0.474816E+02    0.376577E+01    0.498153E+01    0.201960E+02    0.671664E+00    0.210195E-01
    0.410000E+01   -0.147847E+02    0.435168E+02    0.294811E+01    0.551110E+01    0.229016E+02    0.712111E+00    0.206016E-01
    0.420000E+01   -0.212161E+02    0.338198E+02    0.205840E+01    0.552900E+01    0.235364E+02    0.739935E+00    0.212183E-01
    0.430000E+01   -0.215854E+02    0.240122E+02    0.131328E+01    0.519006E+01    0.226195E+02    0.755948E+00    0.230329E-01
    0.440000E+01   -0.184060E+02    0.182981E+02    0.942660E+00    0.470956E+01    0.210027E+02    0.748027E+00    0.271646E-01
    0.450000E+01   -0.160250E+02    0.154104E+02    0.761735E+00    0.437364E+01    0.199480E+02    0.736621E+00    0.311774E-01
    0.460000E+01   -0.139685E+02    0.130274E+02    0.601889E+00    0.406627E+01    0.189582E+02    0.725050E+00    0.357078E-01
    0.470000E+01   -0.116420E+02    0.117750E+02    0.567894E+00    0.375503E+01    0.178877E+02    0.696943E+00    0.429452E-01
    0.480000E+01   -0.999980E+01    0.116886E+02    0.640526E+00    0.356246E+01    0.173314E+02    0.666280E+00    0.493983E-01
    0.490000E+01   -0.932591E+01    0.120670E+02    0.721167E+00    0.350547E+01    0.174095E+02    0.650402E+00    0.518821E-01
    0.500000E+01   -0.990005E+01    0.123315E+02    0.719554E+00    0.358565E+01    0.181711E+02    0.660384E+00    0.493109E-01
    0.510000E+01   -0.109332E+02    0.110369E+02    0.516937E+00    0.363789E+01    0.188046E+02    0.689935E+00    0.457303E-01
    0.520000E+01   -0.105128E+02    0.918452E+01    0.312810E+00    0.349804E+01    0.184362E+02    0.701386E+00    0.471304E-01
    0.530000E+01   -0.951333E+01    0.833371E+01    0.251792E+00    0.332871E+01    0.178811E+02    0.689976E+00    0.521006E-01
    0.540000E+01   -0.899833E+01    0.801249E+01    0.234973E+00    0.324399E+01    0.177548E+02    0.681679E+00    0.551939E-01
    0.550000E+01   -0.877963E+01    0.757522E+01    0.186658E+00    0.319183E+01    0.177929E+02    0.682908E+00    0.563357E-01
    0.560000E+01   -0.862312E+01    0.708010E+01    0.125658E+00    0.314487E+01    0.178498E+02    0.687505E+00    0.568747E-01
    0.570000E+01   -0.851739E+01    0.641540E+01    0.358060E-01    0.309682E+01    0.178910E+02    0.698341E+00    0.564223E-01
    0.580000E+01   -0.814520E+01    0.562400E+01   -0.637944E-01    0.300361E+01    0.176569E+02    0.706762E+00    0.574032E-01
    0.590000E+01   -0.752160E+01    0.507526E+01   -0.119052E+00    0.288057E+01    0.172256E+02    0.702273E+00    0.616433E-01
    0.600000E+01   -0.695373E+01    0.484362E+01   -0.128036E+00    0.277742E+01    0.168902E+02    0.689092E+00    0.674458E-01
    0.610000E+01   -0.660409E+01    0.474953E+01   -0.125206E+00    0.271466E+01    0.167837E+02    0.678509E+00    0.717755E-01
    0.620000E+01   -0.643821E+01    0.461271E+01   -0.139224E+00    0.267939E+01    0.168373E+02    0.676449E+00    0.735356E-01
    0.630000E+01   -0.633992E+01    0.436420E+01   -0.176323E+00    0.264922E+01    0.169162E+02    0.681491E+00    0.736688E-01
    0.640000E+01   -0.621680E+01    0.401628E+01   -0.230425E+00    0.260942E+01    0.169265E+02    0.690326E+00    0.733177E-01
    0.650000E+01   -0.599134E+01    0.361474E+01   -0.290781E+00    0.254840E+01    0.167890E+02    0.698710E+00    0.738267E-01
    0.660000E+01   -0.563273E+01    0.328096E+01   -0.334461E+00    0.246489E+01    0.164886E+02    0.699181E+00    0.772130E-01
    0.670000E+01   -0.525699E+01    0.311701E+01   -0.346313E+00    0.238418E+01    0.161904E+02    0.689422E+00    0.834504E-01
    0.680000E+01   -0.501523E+01    0.304027E+01   -0.348249E+00    0.233238E+01    0.160750E+02    0.680839E+00    0.883906E-01
    0.690000E+01   -0.485267E+01    0.287947E+01   -0.371510E+00    0.229078E+01    0.160205E+02    0.681763E+00    0.904362E-01
    0.700000E+01   -0.460764E+01    0.268375E+01   -0.398084E+00    0.222934E+01    0.158168E+02    0.680515E+00    0.943889E-01
    0.710000E+01   -0.433184E+01    0.259048E+01   -0.401888E+00    0.216554E+01    0.155836E+02    0.669713E+00    0.101685E+00
    0.720000E+01   -0.414307E+01    0.254822E+01   -0.399614E+00    0.212215E+01    0.154865E+02    0.660068E+00    0.107708E+00
    0.730000E+01   -0.398417E+01    0.245602E+01   -0.410010E+00    0.208141E+01    0.154001E+02    0.655999E+00    0.112118E+00
    0.740000E+01   -0.377368E+01    0.238826E+01   -0.411680E+00    0.202973E+01    0.152235E+02    0.645727E+00    0.119745E+00
    0.750000E+01   -0.360644E+01    0.242072E+01   -0.392918E+00    0.199374E+01    0.151556E+02    0.629698E+00    0.128309E+00
    0.760000E+01   -0.357829E+01    0.244572E+01   -0.385202E+00    0.198904E+01    0.153215E+02    0.625343E+00    0.130190E+00
    0.770000E+01   -0.358583E+01    0.234439E+01   -0.409083E+00    0.198369E+01    0.154813E+02    0.634448E+00    0.127729E+00
    0.780000E+01   -0.351601E+01    0.219372E+01   -0.439539E+00    0.195707E+01    0.154719E+02    0.642173E+00    0.127730E+00
    0.790000E+01   -0.340975E+01    0.207039E+01   -0.461786E+00    0.192339E+01    0.154006E+02    0.645067E+00    0.130108E+00
    0.800000E+01   -0.329679E+01    0.195473E+01   -0.482342E+00    0.188806E+01    0.153091E+02    0.647134E+00    0.133067E+00
    0.810000E+01   -0.315481E+01    0.185529E+01   -0.497458E+00    0.184590E+01    0.151544E+02    0.645160E+00    0.138507E+00
    0.820000E+01   -0.300980E+01    0.181145E+01   -0.498468E+00    0.180592E+01    0.150091E+02    0.636303E+00    0.146792E+00
    0.830000E+01   -0.291880E+01    0.180117E+01   -0.494524E+00    0.178166E+01    0.149881E+02    0.628379E+00    0.153114E+00
    0.840000E+01   -0.287389E+01    0.176035E+01   -0.501861E+00    0.176693E+01    0.150432E+02    0.628701E+00    0.154987E+00
    0.850000E+01   -0.281911E+01    0.168664E+01   -0.517284E+00    0.174703E+01    0.150509E+02    0.632257E+00    0.156284E+00
    0.860000E+01   -0.275298E+01    0.161902E+01   -0.530541E+00    0.172435E+01    0.150303E+02    0.634141E+00    0.158726E+00
    0.870000E+01   -0.270168E+01    0.154857E+01   -0.545939E+00    0.170524E+01    0.150366E+02    0.638353E+00    0.159694E+00
    0.880000E+01   -0.264410E+01    0.145081E+01   -0.568793E+00    0.168227E+01    0.150045E+02    0.646435E+00    0.159498E+00
    0.890000E+01   -0.255018E+01    0.135164E+01   -0.590090E+00    0.164870E+01    0.148722E+02    0.651589E+00    0.162255E+00
    0.900000E+01   -0.243967E+01    0.128636E+01   -0.601027E+00    0.161209E+01    0.147054E+02    0.649714E+00    0.169109E+00
    0.910000E+01   -0.234790E+01    0.124739E+01   -0.605801E+00    0.158218E+01    0.145929E+02    0.645432E+00    0.176468E+00
    0.920000E+01   -0.227763E+01    0.120510E+01   -0.613241E+00    0.155795E+01    0.145273E+02    0.644385E+00    0.181495E+00
    0.930000E+01   -0.220804E+01    0.115250E+01   -0.624047E+00    0.153277E+01    0.144478E+02    0.645547E+00    0.185776E+00
    0.940000E+01   -0.213328E+01    0.110201E+01   -0.634059E+00    0.150572E+01    0.143455E+02    0.645834E+00    0.191145E+00
    0.950000E+01   -0.206015E+01    0.105551E+01   -0.643171E+00    0.147901E+01    0.142409E+02    0.645692E+00    0.196985E+00
    0.960000E+01   -0.198573E+01    0.100841E+01   -0.652594E+00    0.145135E+01    0.141217E+02    0.645678E+00    0.203309E+00
    0.970000E+01   -0.190427E+01    0.967784E+00   -0.659550E+00    0.142133E+01    0.139737E+02    0.643226E+00    0.212100E+00
    0.980000E+01   -0.182439E+01    0.943307E+00   -0.661295E+00    0.139252E+01    0.138315E+02    0.636898E+00    0.223627E+00
    0.990000E+01   -0.176057E+01    0.928870E+00   -0.660877E+00    0.136952E+01    0.137419E+02    0.630265E+00    0.234421E+00
    0.100000E+02   -0.171234E+01    0.907445E+00   -0.664152E+00    0.135097E+01    0.136927E+02    0.627830E+00    0.241627E+00
    0.101000E+02   -0.166429E+01    0.873879E+00   -0.671764E+00    0.133117E+01    0.136270E+02    0.628717E+00    0.247311E+00
    0.102000E+02   -0.160851E+01    0.838971E+00   -0.679336E+00    0.130818E+01    0.135242E+02    0.628806E+00    0.254916E+00
    0.103000E+02   -0.155119E+01    0.810225E+00   -0.684679E+00    0.128476E+01    0.134123E+02    0.626915E+00    0.264550E+00
    0.104000E+02   -0.149808E+01    0.784055E+00   -0.689537E+00    0.126272E+01    0.133102E+02    0.625020E+00    0.274244E+00
    0.105000E+02   -0.144640E+01    0.756026E+00   -0.695313E+00    0.124066E+01    0.132034E+02    0.624010E+00    0.283831E+00
    0.106000E+02   -0.139204E+01    0.728503E+00   -0.700748E+00    0.121721E+01    0.130772E+02    0.622354E+00    0.295119E+00
    0.107000E+02   -0.133634E+01    0.705745E+00   -0.704271E+00    0.119323E+01    0.129405E+02    0.618747E+00    0.309012E+00
    0.108000E+02   -0.128315E+01    0.688193E+00   -0.705976E+00    0.117030E+01    0.128104E+02    0.613647E+00    0.324606E+00
    0.109000E+02   -0.123467E+01    0.673673E+00   -0.706886E+00    0.114917E+01    0.126956E+02    0.608232E+00    0.340542E+00
    0.110000E+02   -0.119164E+01    0.659571E+00   -0.708145E+00    0.112996E+01    0.125980E+02    0.603688E+00    0.355556E+00
    0.111000E+02   -0.115326E+01    0.642138E+00   -0.711278E+00    0.111204E+01    0.125108E+02    0.601409E+00    0.368546E+00
    0.112000E+02   -0.111446E+01    0.618389E+00   -0.717095E+00    0.109293E+01    0.124066E+02    0.601590E+00    0.380682E+00
    0.113000E+02   -0.106808E+01    0.591778E+00   -0.723429E+00    0.106985E+01    0.122530E+02    0.601224E+00    0.396902E+00
    0.114000E+02   -0.101307E+01    0.571666E+00   -0.725989E+00    0.104314E+01    0.120529E+02    0.595742E+00    0.422485E+00
    0.115000E+02   -0.957202E+00    0.564704E+00   -0.722367E+00    0.101700E+01    0.118539E+02    0.583544E+00    0.457204E+00
    0.116000E+02   -0.910833E+00    0.568406E+00   -0.714688E+00    0.996111E+00    0.117114E+02    0.568406E+00    0.493107E+00
    0.117000E+02   -0.877898E+00    0.572860E+00   -0.708132E+00    0.981369E+00    0.116375E+02    0.556433E+00    0.521316E+00
    0.118000E+02   -0.852521E+00    0.570203E+00   -0.705796E+00    0.969060E+00    0.115898E+02    0.549810E+00    0.542057E+00
    0.119000E+02   -0.827075E+00    0.561796E+00   -0.706096E+00    0.955748E+00    0.115275E+02    0.545681E+00    0.561983E+00
    0.120000E+02   -0.800862E+00    0.552615E+00   -0.706610E+00    0.941775E+00    0.114544E+02    0.541541E+00    0.583689E+00
    0.121000E+02   -0.776946E+00    0.542867E+00   -0.707710E+00    0.928644E+00    0.113888E+02    0.538318E+00    0.604294E+00
    0.122000E+02   -0.754722E+00    0.529352E+00   -0.710920E+00    0.915581E+00    0.113214E+02    0.537475E+00    0.622900E+00
    0.123000E+02   -0.730169E+00    0.512127E+00   -0.715663E+00    0.900564E+00    0.112270E+02    0.537765E+00    0.643844E+00
    0.124000E+02   -0.701973E+00    0.494989E+00   -0.719850E+00    0.883435E+00    0.111030E+02    0.536796E+00    0.670917E+00
    0.125000E+02   -0.672725E+00    0.479926E+00   -0.722831E+00    0.865764E+00    0.109686E+02    0.534308E+00    0.702789E+00
    0.126000E+02   -0.644069E+00    0.465151E+00   -0.725768E+00    0.848099E+00    0.108308E+02    0.531816E+00    0.736942E+00
    0.127000E+02   -0.613993E+00    0.449232E+00   -0.729081E+00    0.829090E+00    0.106721E+02    0.529374E+00    0.776148E+00
    0.128000E+02   -0.580225E+00    0.434470E+00   -0.731079E+00    0.807802E+00    0.104799E+02    0.524602E+00    0.826893E+00
    0.129000E+02   -0.544154E+00    0.424410E+00   -0.729872E+00    0.785572E+00    0.102711E+02    0.515541E+00    0.891192E+00
    0.130000E+02   -0.509593E+00    0.419641E+00   -0.725641E+00    0.764765E+00    0.100766E+02    0.503165E+00    0.962958E+00
    0.131000E+02   -0.478694E+00    0.417553E+00   -0.720249E+00    0.746294E+00    0.990888E+01    0.490137E+00    0.103483E+01
    0.132000E+02   -0.450358E+00    0.415935E+00   -0.714792E+00    0.729179E+00    0.975554E+01    0.477512E+00    0.110673E+01
    0.133000E+02   -0.423166E+00    0.415543E+00   -0.708525E+00    0.712828E+00    0.960903E+01    0.464208E+00    0.118137E+01
    0.134000E+02   -0.398674E+00    0.417846E+00   -0.700959E+00    0.698642E+00    0.948861E+01    0.450193E+00    0.125278E+01
    0.135000E+02   -0.379988E+00    0.420968E+00   -0.694129E+00    0.688146E+00    0.941581E+01    0.438471E+00    0.130896E+01
    0.136000E+02   -0.366828E+00    0.419798E+00   -0.691244E+00    0.679822E+00    0.937082E+01    0.432173E+00    0.135073E+01
    0.137000E+02   -0.353725E+00    0.411542E+00   -0.692638E+00    0.669474E+00    0.929604E+01    0.430123E+00    0.139748E+01
    0.138000E+02   -0.335318E+00    0.399597E+00   -0.694771E+00    0.654586E+00    0.915565E+01    0.427366E+00    0.146848E+01
    0.139000E+02   -0.311709E+00    0.389714E+00   -0.693953E+00    0.636690E+00    0.896987E+01    0.420127E+00    0.156487E+01
    0.140000E+02   -0.286937E+00    0.384332E+00   -0.689603E+00    0.619099E+00    0.878479E+01    0.408887E+00    0.167069E+01
    0.141000E+02   -0.264194E+00    0.381727E+00   -0.683740E+00    0.603502E+00    0.862465E+01    0.396668E+00    0.177124E+01
    0.142000E+02   -0.243295E+00    0.379229E+00   -0.678078E+00    0.589007E+00    0.847719E+01    0.385177E+00    0.186806E+01
    0.143000E+02   -0.222225E+00    0.376452E+00   -0.672185E+00    0.574184E+00    0.832205E+01    0.373437E+00    0.196992E+01
    0.144000E+02   -0.200273E+00    0.375096E+00   -0.664634E+00    0.559235E+00    0.816206E+01    0.359972E+00    0.207457E+01
    0.145000E+02   -0.178748E+00    0.376392E+00   -0.655086E+00    0.545631E+00    0.801882E+01    0.345051E+00    0.216789E+01
    0.146000E+02   -0.159149E+00    0.379876E+00   -0.644530E+00    0.534329E+00    0.790688E+01    0.330189E+00    0.223938E+01
    0.147000E+02   -0.141783E+00    0.384581E+00   -0.633871E+00    0.525199E+00    0.782500E+01    0.316331E+00    0.228910E+01
    0.148000E+02   -0.126576E+00    0.390426E+00   -0.623267E+00    0.518174E+00    0.777285E+01    0.303603E+00    0.231770E+01
    0.149000E+02   -0.114592E+00    0.397500E+00   -0.613286E+00    0.513946E+00    0.776152E+01    0.292742E+00    0.232269E+01
    0.150000E+02   -0.107445E+00    0.404062E+00   -0.605882E+00    0.512615E+00    0.779339E+01    0.285481E+00    0.231143E+01
    0.151000E+02   -0.104512E+00    0.406533E+00   -0.602986E+00    0.511989E+00    0.783575E+01    0.282650E+00    0.230733E+01
    0.152000E+02   -0.101641E+00    0.402907E+00   -0.603838E+00    0.508513E+00    0.783409E+01    0.282267E+00    0.233346E+01
    0.153000E+02   -0.944134E-01    0.395708E+00   -0.604777E+00    0.500614E+00    0.776315E+01    0.280517E+00    0.239100E+01
    0.154000E+02   -0.824150E-01    0.389958E+00   -0.602409E+00    0.490401E+00    0.765448E+01    0.275049E+00    0.245473E+01
    0.155000E+02   -0.692294E-01    0.388670E+00   -0.596541E+00    0.481672E+00    0.756705E+01    0.267007E+00    0.249376E+01
    0.156000E+02   -0.589712E-01    0.390786E+00   -0.589976E+00    0.476541E+00    0.753473E+01    0.259637E+00    0.250197E+01
    0.157000E+02   -0.529323E-01    0.392725E+00   -0.585667E+00    0.473924E+00    0.754140E+01    0.255112E+00    0.250088E+01
    0.158000E+02   -0.490483E-01    0.391918E+00   -0.584111E+00    0.471181E+00    0.754551E+01    0.252923E+00    0.251221E+01
    0.159000E+02   -0.447157E-01    0.388880E+00   -0.583631E+00    0.466989E+00    0.752571E+01    0.251195E+00    0.253793E+01
    0.160000E+02   -0.395652E-01    0.385543E+00   -0.582865E+00    0.462133E+00    0.749428E+01    0.249027E+00    0.256671E+01
    0.161000E+02   -0.349172E-01    0.382465E+00   -0.582185E+00    0.457697E+00    0.746874E+01    0.247074E+00    0.259301E+01
    0.162000E+02   -0.312950E-01    0.378516E+00   -0.582560E+00    0.453378E+00    0.744421E+01    0.246051E+00    0.262396E+01
    0.163000E+02   -0.275120E-01    0.373037E+00   -0.583744E+00    0.448086E+00    0.740274E+01    0.245422E+00    0.266620E+01
    0.164000E+02   -0.225607E-01    0.367257E+00   -0.584435E+00    0.441877E+00    0.734494E+01    0.244111E+00    0.271265E+01
    0.165000E+02   -0.176198E-01    0.362729E+00   -0.584346E+00    0.436335E+00    0.729705E+01    0.242359E+00    0.275039E+01
    0.166000E+02   -0.151081E-01    0.358608E+00   -0.585381E+00    0.432455E+00    0.727599E+01    0.242069E+00    0.278362E+01
    0.167000E+02   -0.152851E-01    0.351439E+00   -0.589826E+00    0.428402E+00    0.725122E+01    0.244656E+00    0.284007E+01
    0.168000E+02   -0.143200E-01    0.338847E+00   -0.596993E+00    0.420398E+00    0.715836E+01    0.248529E+00    0.294592E+01
    0.169000E+02   -0.745807E-02    0.323349E+00   -0.602523E+00    0.406751E+00    0.696721E+01    0.249472E+00    0.309099E+01
    0.170000E+02    0.589843E-02    0.310776E+00   -0.602049E+00    0.390470E+00    0.672791E+01    0.244421E+00    0.321659E+01
    0.171000E+02    0.213850E-01    0.305311E+00   -0.595374E+00    0.377276E+00    0.653880E+01    0.234863E+00    0.325936E+01
    0.172000E+02    0.327795E-01    0.306396E+00   -0.587129E+00    0.371056E+00    0.646862E+01    0.226068E+00    0.322682E+01
    0.173000E+02    0.361888E-01    0.308615E+00   -0.583516E+00    0.370500E+00    0.649647E+01    0.222868E+00    0.319633E+01
    0.174000E+02    0.337082E-01    0.305148E+00   -0.587258E+00    0.369659E+00    0.651920E+01    0.225802E+00    0.323759E+01
    0.175000E+02    0.322469E-01    0.293989E+00   -0.595031E+00    0.362978E+00    0.643815E+01    0.230715E+00    0.336105E+01
    0.176000E+02    0.366856E-01    0.279580E+00   -0.600837E+00    0.350208E+00    0.624715E+01    0.232490E+00    0.351625E+01
    0.177000E+02    0.460686E-01    0.267399E+00   -0.601624E+00    0.335611E+00    0.602078E+01    0.229481E+00    0.363193E+01
    0.178000E+02    0.562839E-01    0.259326E+00   -0.598971E+00    0.323326E+00    0.583317E+01    0.224099E+00    0.368267E+01
    0.179000E+02    0.640664E-01    0.253482E+00   -0.596565E+00    0.314155E+00    0.569955E+01    0.219784E+00    0.370817E+01
    0.180000E+02    0.691573E-01    0.246562E+00   -0.596742E+00    0.305712E+00    0.557735E+01    0.217959E+00    0.375997E+01
    0.181000E+02    0.739700E-01    0.236707E+00   -0.598773E+00    0.294979E+00    0.541145E+01    0.217290E+00    0.384878E+01
    0.182000E+02    0.811950E-01    0.224821E+00   -0.599857E+00    0.280926E+00    0.518212E+01    0.215144E+00    0.393476E+01
    0.183000E+02    0.916831E-01    0.213400E+00   -0.597542E+00    0.265121E+00    0.491744E+01    0.209774E+00    0.395585E+01
    0.184000E+02    0.104243E+00    0.204616E+00   -0.591416E+00    0.250396E+00    0.466970E+01    0.201519E+00    0.388014E+01
    0.185000E+02    0.116544E+00    0.199231E+00   -0.583251E+00    0.239030E+00    0.448195E+01    0.192470E+00    0.373964E+01
    0.186000E+02    0.126175E+00    0.196189E+00   -0.576069E+00    0.231392E+00    0.436220E+01    0.185187E+00    0.360573E+01
    0.187000E+02    0.131992E+00    0.192681E+00   -0.572480E+00    0.225347E+00    0.427107E+01    0.181229E+00    0.353233E+01
    0.188000E+02    0.135576E+00    0.185541E+00   -0.572582E+00    0.217048E+00    0.413578E+01    0.179869E+00    0.351361E+01
    0.189000E+02    0.140770E+00    0.174024E+00   -0.573033E+00    0.203791E+00    0.390383E+01    0.178027E+00    0.347349E+01
    0.190000E+02    0.150461E+00    0.160793E+00   -0.569493E+00    0.186749E+00    0.359629E+01    0.172590E+00    0.331580E+01
    0.191000E+02    0.164379E+00    0.149386E+00   -0.560399E+00    0.169911E+00    0.328926E+01    0.163191E+00    0.302789E+01
    0.192000E+02    0.180183E+00    0.141624E+00   -0.547583E+00    0.156519E+00    0.304588E+01    0.151988E+00    0.269640E+01
    0.193000E+02    0.195505E+00    0.137248E+00   -0.533966E+00    0.147251E+00    0.288045E+01    0.141323E+00    0.240537E+01
    0.194000E+02    0.209128E+00    0.134839E+00   -0.521483E+00    0.140892E+00    0.277033E+01    0.132281E+00    0.217777E+01
    0.195000E+02    0.221178E+00    0.133031E+00   -0.510469E+00    0.135876E+00    0.268547E+01    0.124730E+00    0.199695E+01
    0.196000E+02    0.232363E+00    0.131359E+00   -0.500357E+00    0.131453E+00    0.261138E+01    0.118099E+00    0.184369E+01
    0.197000E+02    0.242969E+00    0.130032E+00   -0.490812E+00    0.127685E+00    0.254948E+01    0.112121E+00    0.171225E+01
    0.198000E+02    0.252741E+00    0.129023E+00   -0.482067E+00    0.124555E+00    0.249960E+01    0.106871E+00    0.160227E+01
    0.199000E+02    0.261679E+00    0.127771E+00   -0.474221E+00    0.121507E+00    0.245074E+01    0.102294E+00    0.150671E+01
    0.200000E+02    0.270527E+00    0.125951E+00   -0.466644E+00    0.118074E+00    0.239347E+01    0.979645E-01    0.141441E+01
