#   omega (eV)      epsilon_1       epsilon_2       n               kappa           mu (cm^(-1))    R               epsinv   
    0.000000E+00    0.121363E+02    0.000000E+00    0.248372E+01    0.000000E+00    0.000000E+00    0.306852E+00   -0.000000E+00
    0.100000E+00    0.121422E+02    0.118754E-01    0.248457E+01    0.170400E-02    0.172708E-03    0.306946E+00    0.805473E-04
    0.200000E+00    0.121600E+02    0.238379E-01    0.248713E+01    0.341798E-02    0.692856E-03    0.307227E+00    0.161211E-03
    0.300000E+00    0.121899E+02    0.359761E-01    0.249140E+01    0.515210E-02    0.156657E-02    0.307698E+00    0.242110E-03
    0.400000E+00    0.122319E+02    0.483825E-01    0.249742E+01    0.691688E-02    0.280423E-02    0.308360E+00    0.323365E-03
    0.500000E+00    0.122865E+02    0.611548E-01    0.250522E+01    0.872339E-02    0.442078E-02    0.309217E+00    0.405101E-03
    0.600000E+00    0.123541E+02    0.743988E-01    0.251485E+01    0.105835E-01    0.643612E-02    0.310272E+00    0.487451E-03
    0.700000E+00    0.124351E+02    0.882303E-01    0.252637E+01    0.125101E-01    0.887569E-02    0.311530E+00    0.570555E-03
    0.800000E+00    0.125303E+02    0.102779E+00    0.253984E+01    0.145174E-01    0.117712E-01    0.312998E+00    0.654564E-03
    0.900000E+00    0.126404E+02    0.118190E+00    0.255537E+01    0.166213E-01    0.151618E-01    0.314682E+00    0.739643E-03
    0.100000E+01    0.127663E+02    0.134631E+00    0.257305E+01    0.188398E-01    0.190950E-01    0.316592E+00    0.825972E-03
    0.110000E+01    0.129092E+02    0.152297E+00    0.259300E+01    0.211935E-01    0.236286E-01    0.318737E+00    0.913756E-03
    0.120000E+01    0.130704E+02    0.171416E+00    0.261538E+01    0.237065E-01    0.288331E-01    0.321129E+00    0.100322E-02
    0.130000E+01    0.132515E+02    0.192260E+00    0.264035E+01    0.264068E-01    0.347938E-01    0.323781E+00    0.109464E-02
    0.140000E+01    0.134542E+02    0.215157E+00    0.266812E+01    0.293280E-01    0.416153E-01    0.326710E+00    0.118830E-02
    0.150000E+01    0.136810E+02    0.240506E+00    0.269892E+01    0.325103E-01    0.494260E-01    0.329933E+00    0.128457E-02
    0.160000E+01    0.139343E+02    0.268801E+00    0.273304E+01    0.360030E-01    0.583850E-01    0.333473E+00    0.138389E-02
    0.170000E+01    0.142173E+02    0.300658E+00    0.277080E+01    0.398666E-01    0.686913E-01    0.337355E+00    0.148676E-02
    0.180000E+01    0.145341E+02    0.336864E+00    0.281262E+01    0.441776E-01    0.805968E-01    0.341609E+00    0.159384E-02
    0.190000E+01    0.148893E+02    0.378433E+00    0.285897E+01    0.490329E-01    0.944245E-01    0.346270E+00    0.170594E-02
    0.200000E+01    0.152887E+02    0.426701E+00    0.291045E+01    0.545590E-01    0.110596E+00    0.351380E+00    0.182409E-02
    0.210000E+01    0.157397E+02    0.483463E+00    0.296780E+01    0.609233E-01    0.129672E+00    0.356992E+00    0.194966E-02
    0.220000E+01    0.162518E+02    0.551196E+00    0.303194E+01    0.683537E-01    0.152415E+00    0.363170E+00    0.208450E-02
    0.230000E+01    0.168371E+02    0.633410E+00    0.310403E+01    0.771692E-01    0.179893E+00    0.369994E+00    0.223118E-02
    0.240000E+01    0.175118E+02    0.735267E+00    0.318563E+01    0.878322E-01    0.213653E+00    0.377566E+00    0.239342E-02
    0.250000E+01    0.182979E+02    0.864678E+00    0.327880E+01    0.101042E+00    0.256027E+00    0.386023E+00    0.257680E-02
    0.260000E+01    0.192267E+02    0.103445E+01    0.338641E+01    0.117915E+00    0.310732E+00    0.395547E+00    0.279026E-02
    0.270000E+01    0.203438E+02    0.126677E+01    0.351259E+01    0.140360E+00    0.384105E+00    0.406401E+00    0.304898E-02
    0.280000E+01    0.217199E+02    0.160387E+01    0.366363E+01    0.171955E+00    0.487996E+00    0.418976E+00    0.338136E-02
    0.290000E+01    0.234700E+02    0.213688E+01    0.384959E+01    0.220315E+00    0.647569E+00    0.433893E+00    0.384742E-02
    0.300000E+01    0.257821E+02    0.310074E+01    0.408674E+01    0.304786E+00    0.926743E+00    0.452175E+00    0.459825E-02
    0.310000E+01    0.288207E+02    0.521741E+01    0.439026E+01    0.483966E+00    0.152062E+01    0.475013E+00    0.608194E-02
    0.320000E+01    0.313826E+02    0.100281E+02    0.467135E+01    0.884103E+00    0.286745E+01    0.499092E+00    0.923883E-02
    0.330000E+01    0.300117E+02    0.153837E+02    0.464519E+01    0.136255E+01    0.455732E+01    0.509275E+00    0.135258E-01
    0.340000E+01    0.280491E+02    0.183238E+02    0.454766E+01    0.165149E+01    0.569113E+01    0.513355E+00    0.163239E-01
    0.350000E+01    0.257529E+02    0.207948E+02    0.442464E+01    0.191670E+01    0.679932E+01    0.517270E+00    0.189796E-01
    0.360000E+01    0.236521E+02    0.218989E+02    0.428608E+01    0.207137E+01    0.755794E+01    0.517312E+00    0.210772E-01
    0.370000E+01    0.227461E+02    0.224506E+02    0.423000E+01    0.214633E+01    0.804899E+01    0.518190E+00    0.219799E-01
    0.380000E+01    0.228237E+02    0.235968E+02    0.427506E+01    0.223664E+01    0.861435E+01    0.524544E+00    0.218949E-01
    0.390000E+01    0.234609E+02    0.263989E+02    0.442117E+01    0.243479E+01    0.962432E+01    0.540186E+00    0.211646E-01
    0.400000E+01    0.234377E+02    0.305600E+02    0.456555E+01    0.274546E+01    0.111306E+02    0.560418E+00    0.206035E-01
    0.410000E+01    0.211169E+02    0.372944E+02    0.465574E+01    0.329704E+01    0.137010E+02    0.589936E+00    0.203041E-01
    0.420000E+01    0.147962E+02    0.432597E+02    0.450074E+01    0.393217E+01    0.167388E+02    0.618809E+00    0.206951E-01
    0.430000E+01    0.344454E+01    0.465226E+02    0.400472E+01    0.464787E+01    0.202566E+02    0.652808E+00    0.213777E-01
    0.440000E+01   -0.689858E+01    0.405726E+02    0.313862E+01    0.490171E+01    0.218597E+02    0.671747E+00    0.239547E-01
    0.450000E+01   -0.106709E+02    0.336845E+02    0.251165E+01    0.479610E+01    0.218748E+02    0.676029E+00    0.269797E-01
    0.460000E+01   -0.123171E+02    0.276378E+02    0.199509E+01    0.461385E+01    0.215112E+02    0.678366E+00    0.301868E-01
    0.470000E+01   -0.111717E+02    0.226172E+02    0.165087E+01    0.426600E+01    0.203218E+02    0.663677E+00    0.355424E-01
    0.480000E+01   -0.912956E+01    0.204865E+02    0.157868E+01    0.397230E+01    0.193253E+02    0.639170E+00    0.407249E-01
    0.490000E+01   -0.832404E+01    0.200046E+02    0.158295E+01    0.387243E+01    0.192319E+02    0.628796E+00    0.426107E-01
    0.500000E+01   -0.863905E+01    0.196938E+02    0.153636E+01    0.388229E+01    0.196744E+02    0.632119E+00    0.425831E-01
    0.510000E+01   -0.988593E+01    0.189550E+02    0.139710E+01    0.395374E+01    0.204372E+02    0.647126E+00    0.414748E-01
    0.520000E+01   -0.110022E+02    0.167657E+02    0.112734E+01    0.394053E+01    0.207683E+02    0.663768E+00    0.416915E-01
    0.530000E+01   -0.104464E+02    0.145427E+02    0.931243E+00    0.376512E+01    0.202254E+02    0.660714E+00    0.453583E-01
    0.540000E+01   -0.962589E+01    0.137177E+02    0.888414E+00    0.363208E+01    0.198789E+02    0.649237E+00    0.488464E-01
    0.550000E+01   -0.965792E+01    0.131694E+02    0.826650E+00    0.360480E+01    0.200950E+02    0.651810E+00    0.493775E-01
    0.560000E+01   -0.972413E+01    0.122746E+02    0.722719E+00    0.356257E+01    0.202206E+02    0.657257E+00    0.500545E-01
    0.570000E+01   -0.981618E+01    0.115041E+02    0.628911E+00    0.353122E+01    0.204006E+02    0.663808E+00    0.503017E-01
    0.580000E+01   -0.100453E+02    0.103754E+02    0.482595E+00    0.349906E+01    0.205694E+02    0.677814E+00    0.497485E-01
    0.590000E+01   -0.967849E+01    0.903597E+01    0.334621E+00    0.338522E+01    0.202433E+02    0.684303E+00    0.515393E-01
    0.600000E+01   -0.891261E+01    0.823663E+01    0.269479E+00    0.324410E+01    0.197283E+02    0.676044E+00    0.559262E-01
    0.610000E+01   -0.839376E+01    0.793031E+01    0.255737E+00    0.315763E+01    0.195225E+02    0.666448E+00    0.594721E-01
    0.620000E+01   -0.824756E+01    0.762543E+01    0.221670E+00    0.312090E+01    0.196117E+02    0.667026E+00    0.604380E-01
    0.630000E+01   -0.816246E+01    0.714206E+01    0.158339E+00    0.308289E+01    0.196853E+02    0.672847E+00    0.607138E-01
    0.640000E+01   -0.803789E+01    0.663098E+01    0.913672E-01    0.303792E+01    0.197061E+02    0.679075E+00    0.610714E-01
    0.650000E+01   -0.792646E+01    0.603899E+01    0.955107E-02    0.299093E+01    0.197044E+02    0.688985E+00    0.608167E-01
    0.660000E+01   -0.761581E+01    0.534326E+01   -0.814495E-01    0.290853E+01    0.194563E+02    0.697357E+00    0.617354E-01
    0.670000E+01   -0.705753E+01    0.485853E+01   -0.130900E+00    0.279515E+01    0.189812E+02    0.692528E+00    0.661799E-01
    0.680000E+01   -0.658654E+01    0.470325E+01   -0.131997E+00    0.270924E+01    0.186724E+02    0.679390E+00    0.718020E-01
    0.690000E+01   -0.639080E+01    0.457273E+01   -0.143421E+00    0.266918E+01    0.186668E+02    0.675888E+00    0.740497E-01
    0.700000E+01   -0.620479E+01    0.427767E+01   -0.184020E+00    0.262119E+01    0.185968E+02    0.679013E+00    0.753139E-01
    0.710000E+01   -0.591169E+01    0.404732E+01   -0.208570E+00    0.255696E+01    0.184003E+02    0.675220E+00    0.788506E-01
    0.720000E+01   -0.571965E+01    0.391250E+01   -0.222136E+00    0.251490E+01    0.183526E+02    0.671978E+00    0.814730E-01
    0.730000E+01   -0.558961E+01    0.366078E+01   -0.261052E+00    0.247702E+01    0.183272E+02    0.677301E+00    0.819975E-01
    0.740000E+01   -0.530067E+01    0.338404E+01   -0.297108E+00    0.240722E+01    0.180548E+02    0.676629E+00    0.855661E-01
    0.750000E+01   -0.495807E+01    0.330774E+01   -0.292151E+00    0.233648E+01    0.177609E+02    0.661958E+00    0.931140E-01
    0.760000E+01   -0.480230E+01    0.335947E+01   -0.272529E+00    0.230901E+01    0.177862E+02    0.650072E+00    0.978065E-01
    0.770000E+01   -0.480789E+01    0.328988E+01   -0.286614E+00    0.230582E+01    0.179953E+02    0.654221E+00    0.969348E-01
    0.780000E+01   -0.476009E+01    0.309661E+01   -0.322285E+00    0.228460E+01    0.180613E+02    0.662582E+00    0.960264E-01
    0.790000E+01   -0.465572E+01    0.291745E+01   -0.352477E+00    0.225278E+01    0.180380E+02    0.667482E+00    0.966451E-01
    0.800000E+01   -0.455652E+01    0.273226E+01   -0.385021E+00    0.222142E+01    0.180121E+02    0.673876E+00    0.967955E-01
    0.810000E+01   -0.440485E+01    0.252261E+01   -0.420691E+00    0.217726E+01    0.178747E+02    0.679704E+00    0.979037E-01
    0.820000E+01   -0.418850E+01    0.237522E+01   -0.440268E+00    0.212174E+01    0.176340E+02    0.677135E+00    0.102445E+00
    0.830000E+01   -0.399885E+01    0.232202E+01   -0.440858E+00    0.207641E+01    0.174677E+02    0.668284E+00    0.108594E+00
    0.840000E+01   -0.389109E+01    0.228999E+01   -0.441499E+00    0.205013E+01    0.174543E+02    0.663145E+00    0.112339E+00
    0.850000E+01   -0.382152E+01    0.221927E+01   -0.453345E+00    0.202986E+01    0.174876E+02    0.664242E+00    0.113639E+00
    0.860000E+01   -0.375001E+01    0.212887E+01   -0.469839E+00    0.200775E+01    0.175006E+02    0.667218E+00    0.114488E+00
    0.870000E+01   -0.368758E+01    0.202749E+01   -0.489793E+00    0.198693E+01    0.175204E+02    0.672347E+00    0.114490E+00
    0.880000E+01   -0.361816E+01    0.189453E+01   -0.517300E+00    0.196244E+01    0.175034E+02    0.680836E+00    0.113579E+00
    0.890000E+01   -0.350500E+01    0.175352E+01   -0.544937E+00    0.192668E+01    0.173797E+02    0.687740E+00    0.114163E+00
    0.900000E+01   -0.336230E+01    0.165102E+01   -0.562115E+00    0.188522E+01    0.171968E+02    0.688424E+00    0.117670E+00
    0.910000E+01   -0.323472E+01    0.158961E+01   -0.570186E+00    0.184918E+01    0.170555E+02    0.685339E+00    0.122369E+00
    0.920000E+01   -0.313779E+01    0.153602E+01   -0.578226E+00    0.182090E+01    0.169792E+02    0.683894E+00    0.125851E+00
    0.930000E+01   -0.305285E+01    0.147185E+01   -0.589949E+00    0.179471E+01    0.169169E+02    0.685136E+00    0.128140E+00
    0.940000E+01   -0.296767E+01    0.140438E+01   -0.602808E+00    0.176789E+01    0.168433E+02    0.687101E+00    0.130285E+00
    0.950000E+01   -0.288493E+01    0.133612E+01   -0.616343E+00    0.174130E+01    0.167664E+02    0.689763E+00    0.132184E+00
    0.960000E+01   -0.279921E+01    0.126259E+01   -0.631508E+00    0.171318E+01    0.166693E+02    0.693419E+00    0.133895E+00
    0.970000E+01   -0.270084E+01    0.119239E+01   -0.645384E+00    0.168125E+01    0.165290E+02    0.695711E+00    0.136800E+00
    0.980000E+01   -0.259614E+01    0.114024E+01   -0.654049E+00    0.164797E+01    0.163689E+02    0.694349E+00    0.141819E+00
    0.990000E+01   -0.250167E+01    0.110606E+01   -0.658237E+00    0.161817E+01    0.162369E+02    0.690628E+00    0.147835E+00
    0.100000E+02   -0.242389E+01    0.107624E+01   -0.662220E+00    0.159310E+01    0.161468E+02    0.687793E+00    0.153016E+00
    0.101000E+02   -0.235545E+01    0.104169E+01   -0.668292E+00    0.157019E+01    0.160737E+02    0.686989E+00    0.157040E+00
    0.102000E+02   -0.228994E+01    0.100415E+01   -0.675587E+00    0.154764E+01    0.159997E+02    0.687256E+00    0.160609E+00
    0.103000E+02   -0.222764E+01    0.964847E+00   -0.683793E+00    0.152566E+01    0.159271E+02    0.688468E+00    0.163719E+00
    0.104000E+02   -0.216630E+01    0.920718E+00   -0.693779E+00    0.150335E+01    0.158467E+02    0.691175E+00    0.166178E+00
    0.105000E+02   -0.209893E+01    0.873581E+00   -0.704588E+00    0.147858E+01    0.157354E+02    0.694213E+00    0.169015E+00
    0.106000E+02   -0.202369E+01    0.832115E+00   -0.713295E+00    0.145117E+01    0.155908E+02    0.695117E+00    0.173801E+00
    0.107000E+02   -0.194728E+01    0.802453E+00   -0.718166E+00    0.142363E+01    0.154391E+02    0.692808E+00    0.180902E+00
    0.108000E+02   -0.187790E+01    0.782873E+00   -0.720133E+00    0.139865E+01    0.153100E+02    0.688542E+00    0.189128E+00
    0.109000E+02   -0.181923E+01    0.767030E+00   -0.721533E+00    0.137724E+01    0.152152E+02    0.684569E+00    0.196778E+00
    0.110000E+02   -0.177020E+01    0.748480E+00   -0.724560E+00    0.135870E+01    0.151481E+02    0.682747E+00    0.202631E+00
    0.111000E+02   -0.172602E+01    0.722519E+00   -0.730627E+00    0.134111E+01    0.150880E+02    0.684010E+00    0.206364E+00
    0.112000E+02   -0.167893E+01    0.688714E+00   -0.739453E+00    0.132167E+01    0.150032E+02    0.687574E+00    0.209136E+00
    0.113000E+02   -0.162274E+01    0.653566E+00   -0.748336E+00    0.129849E+01    0.148717E+02    0.690521E+00    0.213553E+00
    0.114000E+02   -0.155908E+01    0.626520E+00   -0.753854E+00    0.127266E+01    0.147049E+02    0.689655E+00    0.221914E+00
    0.115000E+02   -0.149655E+01    0.611898E+00   -0.754784E+00    0.124767E+01    0.145426E+02    0.684330E+00    0.234077E+00
    0.116000E+02   -0.144348E+01    0.605574E+00   -0.753139E+00    0.122655E+01    0.144207E+02    0.677209E+00    0.247138E+00
    0.117000E+02   -0.140130E+01    0.599223E+00   -0.752266E+00    0.120941E+01    0.143418E+02    0.671822E+00    0.257985E+00
    0.118000E+02   -0.136521E+01    0.588095E+00   -0.753748E+00    0.119409E+01    0.142811E+02    0.669349E+00    0.266147E+00
    0.119000E+02   -0.133117E+01    0.572888E+00   -0.757058E+00    0.117906E+01    0.142209E+02    0.668913E+00    0.272777E+00
    0.120000E+02   -0.129838E+01    0.554332E+00   -0.761900E+00    0.116407E+01    0.141581E+02    0.670217E+00    0.278131E+00
    0.121000E+02   -0.126485E+01    0.531333E+00   -0.768625E+00    0.114821E+01    0.140815E+02    0.673506E+00    0.282301E+00
    0.122000E+02   -0.122630E+01    0.505740E+00   -0.776177E+00    0.112978E+01    0.139700E+02    0.677273E+00    0.287418E+00
    0.123000E+02   -0.118188E+01    0.483595E+00   -0.781928E+00    0.110880E+01    0.138230E+02    0.678495E+00    0.296557E+00
    0.124000E+02   -0.113676E+01    0.469112E+00   -0.784371E+00    0.108778E+01    0.136711E+02    0.675869E+00    0.310200E+00
    0.125000E+02   -0.109730E+01    0.459881E+00   -0.784975E+00    0.106936E+01    0.135481E+02    0.671695E+00    0.324874E+00
    0.126000E+02   -0.106430E+01    0.449291E+00   -0.786755E+00    0.105346E+01    0.134534E+02    0.669610E+00    0.336648E+00
    0.127000E+02   -0.103240E+01    0.434179E+00   -0.790736E+00    0.103740E+01    0.133534E+02    0.670257E+00    0.346137E+00
    0.128000E+02   -0.997377E+00    0.418001E+00   -0.794999E+00    0.101951E+01    0.132265E+02    0.670871E+00    0.357423E+00
    0.129000E+02   -0.960948E+00    0.404950E+00   -0.797714E+00    0.100093E+01    0.130869E+02    0.669380E+00    0.372401E+00
    0.130000E+02   -0.926831E+00    0.394473E+00   -0.799432E+00    0.983391E+00    0.129573E+02    0.666889E+00    0.388788E+00
    0.131000E+02   -0.895042E+00    0.383198E+00   -0.801782E+00    0.966609E+00    0.128341E+02    0.665463E+00    0.404242E+00
    0.132000E+02   -0.862150E+00    0.370712E+00   -0.804651E+00    0.948847E+00    0.126944E+02    0.664518E+00    0.420915E+00
    0.133000E+02   -0.826907E+00    0.360747E+00   -0.806010E+00    0.929806E+00    0.125339E+02    0.661175E+00    0.443225E+00
    0.134000E+02   -0.792901E+00    0.356163E+00   -0.804655E+00    0.911625E+00    0.123813E+02    0.654243E+00    0.471399E+00
    0.135000E+02   -0.764929E+00    0.354743E+00   -0.802193E+00    0.896692E+00    0.122693E+02    0.646584E+00    0.498965E+00
    0.136000E+02   -0.743421E+00    0.350606E+00   -0.801849E+00    0.884695E+00    0.121948E+02    0.642690E+00    0.518955E+00
    0.137000E+02   -0.723223E+00    0.340457E+00   -0.804900E+00    0.872518E+00    0.121154E+02    0.643579E+00    0.532828E+00
    0.138000E+02   -0.699422E+00    0.327129E+00   -0.809316E+00    0.857778E+00    0.119977E+02    0.645817E+00    0.548686E+00
    0.139000E+02   -0.672228E+00    0.315267E+00   -0.812574E+00    0.841045E+00    0.118489E+02    0.645921E+00    0.571879E+00
    0.140000E+02   -0.644772E+00    0.306284E+00   -0.814192E+00    0.824194E+00    0.116950E+02    0.643609E+00    0.601098E+00
    0.141000E+02   -0.618741E+00    0.298567E+00   -0.815245E+00    0.808007E+00    0.115472E+02    0.640645E+00    0.632581E+00
    0.142000E+02   -0.593240E+00    0.290845E+00   -0.816343E+00    0.791814E+00    0.113961E+02    0.637759E+00    0.666274E+00
    0.143000E+02   -0.567198E+00    0.284012E+00   -0.816788E+00    0.775090E+00    0.112339E+02    0.633714E+00    0.705837E+00
    0.144000E+02   -0.541506E+00    0.279501E+00   -0.815774E+00    0.758581E+00    0.110715E+02    0.627419E+00    0.752663E+00
    0.145000E+02   -0.518117E+00    0.276984E+00   -0.813733E+00    0.743514E+00    0.109270E+02    0.619872E+00    0.802467E+00
    0.146000E+02   -0.497668E+00    0.274485E+00   -0.812016E+00    0.730073E+00    0.108034E+02    0.613263E+00    0.849757E+00
    0.147000E+02   -0.478773E+00    0.270673E+00   -0.811300E+00    0.717204E+00    0.106857E+02    0.608382E+00    0.894823E+00
    0.148000E+02   -0.460039E+00    0.266279E+00   -0.810915E+00    0.704125E+00    0.105622E+02    0.603951E+00    0.942447E+00
    0.149000E+02   -0.441981E+00    0.262543E+00   -0.810135E+00    0.691397E+00    0.104414E+02    0.598978E+00    0.993444E+00
    0.150000E+02   -0.426092E+00    0.258944E+00   -0.809590E+00    0.679962E+00    0.103376E+02    0.594747E+00    0.104158E+01
    0.151000E+02   -0.412298E+00    0.253375E+00   -0.810749E+00    0.669413E+00    0.102451E+02    0.593539E+00    0.108193E+01
    0.152000E+02   -0.398250E+00    0.244810E+00   -0.813952E+00    0.657924E+00    0.101359E+02    0.595455E+00    0.112023E+01
    0.153000E+02   -0.381781E+00    0.234925E+00   -0.817669E+00    0.644225E+00    0.999016E+01    0.597710E+00    0.116909E+01
    0.154000E+02   -0.363240E+00    0.226294E+00   -0.820107E+00    0.628968E+00    0.981732E+01    0.597498E+00    0.123555E+01
    0.155000E+02   -0.344729E+00    0.219799E+00   -0.820960E+00    0.613827E+00    0.964320E+01    0.594685E+00    0.131498E+01
    0.156000E+02   -0.327757E+00    0.214230E+00   -0.821390E+00    0.599715E+00    0.948229E+01    0.591464E+00    0.139728E+01
    0.157000E+02   -0.311925E+00    0.208007E+00   -0.822526E+00    0.586022E+00    0.932517E+01    0.589624E+00    0.147980E+01
    0.158000E+02   -0.295847E+00    0.200996E+00   -0.824189E+00    0.571626E+00    0.915404E+01    0.588576E+00    0.157120E+01
    0.159000E+02   -0.279061E+00    0.194321E+00   -0.825369E+00    0.556378E+00    0.896625E+01    0.586505E+00    0.168046E+01
    0.160000E+02   -0.262433E+00    0.188677E+00   -0.825666E+00    0.541134E+00    0.877542E+01    0.582904E+00    0.180603E+01
    0.161000E+02   -0.246840E+00    0.183452E+00   -0.825779E+00    0.526491E+00    0.859133E+01    0.579173E+00    0.193956E+01
    0.162000E+02   -0.231942E+00    0.177625E+00   -0.826504E+00    0.511901E+00    0.840513E+01    0.576616E+00    0.208119E+01
    0.163000E+02   -0.216621E+00    0.171224E+00   -0.827519E+00    0.496357E+00    0.820022E+01    0.574406E+00    0.224579E+01
    0.164000E+02   -0.200528E+00    0.165386E+00   -0.827659E+00    0.479822E+00    0.797568E+01    0.570386E+00    0.244784E+01
    0.165000E+02   -0.184682E+00    0.160910E+00   -0.826411E+00    0.463482E+00    0.775104E+01    0.563882E+00    0.268185E+01
    0.166000E+02   -0.170369E+00    0.157114E+00   -0.824805E+00    0.448400E+00    0.754427E+01    0.557071E+00    0.292520E+01
    0.167000E+02   -0.157522E+00    0.152331E+00   -0.824490E+00    0.433966E+00    0.734540E+01    0.552883E+00    0.317237E+01
    0.168000E+02   -0.144421E+00    0.145787E+00   -0.825659E+00    0.418109E+00    0.711939E+01    0.551215E+00    0.346195E+01
    0.169000E+02   -0.129468E+00    0.138734E+00   -0.826373E+00    0.399518E+00    0.684331E+01    0.548145E+00    0.385275E+01
    0.170000E+02   -0.112927E+00    0.133218E+00   -0.824338E+00    0.379189E+00    0.653353E+01    0.539539E+00    0.436786E+01
    0.171000E+02   -0.966195E-01    0.130177E+00   -0.819037E+00    0.359677E+00    0.623378E+01    0.525044E+00    0.495321E+01
    0.172000E+02   -0.823995E-01    0.128716E+00   -0.812341E+00    0.342951E+00    0.597866E+01    0.508794E+00    0.551070E+01
    0.173000E+02   -0.706501E-01    0.126768E+00   -0.807028E+00    0.328463E+00    0.575939E+01    0.495851E+00    0.601892E+01
    0.174000E+02   -0.598537E-01    0.122889E+00   -0.803994E+00    0.313484E+00    0.552851E+01    0.487131E+00    0.657715E+01
    0.175000E+02   -0.481349E-01    0.117632E+00   -0.801298E+00    0.296002E+00    0.525021E+01    0.478645E+00    0.728178E+01
    0.176000E+02   -0.351451E-01    0.112669E+00   -0.796434E+00    0.276739E+00    0.493657E+01    0.466111E+00    0.808852E+01
    0.177000E+02   -0.220250E-01    0.108933E+00   -0.788917E+00    0.258033E+00    0.462905E+01    0.449338E+00    0.881943E+01
    0.178000E+02   -0.100188E-01    0.105880E+00   -0.780530E+00    0.241217E+00    0.435183E+01    0.431901E+00    0.936084E+01
    0.179000E+02    0.783161E-03    0.102132E+00   -0.773154E+00    0.225113E+00    0.408410E+01    0.416784E+00    0.979071E+01
    0.180000E+02    0.116301E-01    0.968932E-01   -0.766313E+00    0.207315E+00    0.378221E+01    0.402704E+00    0.101741E+02
    0.181000E+02    0.239142E-01    0.908418E-01   -0.757254E+00    0.187113E+00    0.343262E+01    0.385231E+00    0.102947E+02
    0.182000E+02    0.379124E-01    0.854750E-01   -0.743662E+00    0.166723E+00    0.307547E+01    0.361622E+00    0.977603E+01
    0.183000E+02    0.527687E-01    0.819463E-01   -0.725924E+00    0.149496E+00    0.277283E+01    0.333804E+00    0.862617E+01
    0.184000E+02    0.671369E-01    0.805691E-01   -0.706732E+00    0.137364E+00    0.256174E+01    0.306454E+00    0.732530E+01
    0.185000E+02    0.796852E-01    0.807598E-01   -0.689243E+00    0.129941E+00    0.243646E+01    0.283545E+00    0.627413E+01
    0.186000E+02    0.896363E-01    0.810242E-01   -0.675604E+00    0.124885E+00    0.235432E+01    0.266745E+00    0.554976E+01
    0.187000E+02    0.975875E-01    0.794464E-01   -0.665766E+00    0.118848E+00    0.225257E+01    0.254900E+00    0.501712E+01
    0.188000E+02    0.105628E+00    0.751741E-01   -0.657016E+00    0.109588E+00    0.208817E+01    0.244369E+00    0.447239E+01
    0.189000E+02    0.115702E+00    0.693699E-01   -0.646018E+00    0.979851E-01    0.187700E+01    0.231672E+00    0.381171E+01
    0.190000E+02    0.128073E+00    0.640230E-01   -0.631722E+00    0.869221E-01    0.167389E+01    0.216322E+00    0.312282E+01
    0.191000E+02    0.141723E+00    0.603970E-01   -0.615436E+00    0.785265E-01    0.152017E+01    0.200151E+00    0.254482E+01
    0.192000E+02    0.155396E+00    0.587415E-01   -0.599048E+00    0.732525E-01    0.142550E+01    0.185070E+00    0.212842E+01
    0.193000E+02    0.168131E+00    0.586280E-01   -0.583953E+00    0.704584E-01    0.137827E+01    0.172109E+00    0.184916E+01
    0.194000E+02    0.179456E+00    0.592705E-01   -0.570787E+00    0.690456E-01    0.135763E+01    0.161455E+00    0.165942E+01
    0.195000E+02    0.189476E+00    0.598823E-01   -0.559438E+00    0.679612E-01    0.134319E+01    0.152699E+00    0.151650E+01
    0.196000E+02    0.198664E+00    0.600473E-01   -0.549331E+00    0.666202E-01    0.132344E+01    0.145197E+00    0.139408E+01
    0.197000E+02    0.207444E+00    0.597540E-01   -0.539934E+00    0.649406E-01    0.129666E+01    0.138457E+00    0.128218E+01
    0.198000E+02    0.216029E+00    0.590971E-01   -0.530961E+00    0.629981E-01    0.126426E+01    0.132231E+00    0.117815E+01
    0.199000E+02    0.224601E+00    0.581334E-01   -0.522191E+00    0.608332E-01    0.122698E+01    0.126340E+00    0.108004E+01
    0.200000E+02    0.233392E+00    0.570469E-01   -0.513351E+00    0.586120E-01    0.118812E+01    0.120604E+00    0.988235E+00
