    3  0.00000000E+00  1.05488155E+01  3.81953094E+00  3.03459319E-02
    2  1.00000000E-01  1.05507741E+01  3.82382405E+00  3.03621561E-02
    1  2.00000000E-01  1.05566418E+01  3.83672023E+00  3.04107936E-02
    1  3.00000000E-01  1.05664537E+01  3.85837366E+00  3.04920609E-02
    1  4.00000000E-01  1.05800723E+01  3.88882844E+00  3.06060160E-02
    1  5.00000000E-01  1.05974655E+01  3.92835345E+00  3.07531527E-02
    1  6.00000000E-01  1.06185232E+01  3.97719295E+00  3.09338024E-02
    1  7.00000000E-01  1.06431089E+01  4.03566832E+00  3.11484562E-02
    1  8.00000000E-01  1.06710512E+01  4.10416774E+00  3.13977063E-02
    1  9.00000000E-01  1.07021320E+01  4.18314456E+00  3.16822496E-02
    1  1.00000000E+00  1.07360783E+01  4.27312150E+00  3.20029004E-02
    1  1.10000000E+00  1.07725503E+01  4.37469245E+00  3.23605980E-02
    1  1.20000000E+00  1.08111271E+01  4.48852399E+00  3.27564175E-02
    1  1.30000000E+00  1.08512899E+01  4.61535590E+00  3.31915816E-02
    1  1.40000000E+00  1.08924012E+01  4.75599983E+00  3.36674729E-02
    1  1.50000000E+00  1.09336806E+01  4.91133529E+00  3.41856477E-02
    1  1.60000000E+00  1.09741763E+01  5.08230161E+00  3.47478493E-02
    1  1.70000000E+00  1.10127327E+01  5.26988426E+00  3.53560210E-02
    1  1.80000000E+00  1.10479530E+01  5.47509335E+00  3.60123165E-02
    1  1.90000000E+00  1.10781595E+01  5.69893168E+00  3.67191068E-02
    1  2.00000000E+00  1.11013515E+01  5.94234902E+00  3.74789795E-02
    1  2.10000000E+00  1.11151644E+01  6.20617930E+00  3.82947284E-02
    1  2.20000000E+00  1.11168359E+01  6.49105696E+00  3.91693263E-02
    1  2.30000000E+00  1.11031848E+01  6.79730994E+00  4.01058774E-02
    1  2.40000000E+00  1.10706145E+01  7.12482862E+00  4.11075420E-02
    1  2.50000000E+00  1.10151531E+01  7.47291399E+00  4.21774274E-02
    1  2.60000000E+00  1.09325436E+01  7.84011433E+00  4.33184440E-02
    1  2.70000000E+00  1.08183986E+01  8.22406797E+00  4.45331266E-02
    1  2.80000000E+00  1.06684238E+01  8.62137830E+00  4.58234351E-02
    1  2.90000000E+00  1.04787065E+01  9.02755402E+00  4.71905541E-02
    1  3.00000000E+00  1.02460439E+01  9.43704728E+00  4.86347272E-02
    1  3.10000000E+00  9.96827105E+00  9.84341241E+00  5.01551654E-02
    1  3.20000000E+00  9.64453378E+00  1.02395851E+01  5.17500638E-02
    1  3.30000000E+00  9.27545397E+00  1.06182536E+01  5.34167480E-02
    1  3.40000000E+00  8.86315537E+00  1.09722674E+01  5.51519395E-02
    1  3.50000000E+00  8.41114908E+00  1.12950198E+01  5.69521010E-02
    1  3.60000000E+00  7.92411088E+00  1.15807509E+01  5.88138027E-02
    1  3.70000000E+00  7.40760152E+00  1.18247428E+01  6.07340460E-02
    1  3.80000000E+00  6.86778122E+00  1.20234134E+01  6.27104944E-02
    1  3.90000000E+00  6.31115307E+00  1.21743307E+01  6.47415881E-02
    1  4.00000000E+00  5.74434814E+00  1.22761830E+01  6.68265416E-02
    1  4.10000000E+00  5.17394635E+00  1.23287277E+01  6.89652487E-02
    1  4.20000000E+00  4.60631904E+00  1.23327326E+01  7.11581248E-02
    1  4.30000000E+00  4.04748084E+00  1.22899063E+01  7.34059262E-02
    1  4.40000000E+00  3.50294637E+00  1.22028107E+01  7.57095770E-02
    1  4.50000000E+00  2.97759724E+00  1.20747463E+01  7.80700271E-02
    1  4.60000000E+00  2.47557087E+00  1.19096079E+01  8.04881551E-02
    1  4.70000000E+00  2.00018402E+00  1.17117152E+01  8.29647184E-02
    1  4.80000000E+00  1.55390025E+00  1.14856305E+01  8.55003470E-02
    1  4.90000000E+00  1.13834374E+00  1.12359804E+01  8.80955693E-02
    1  5.00000000E+00  7.54355391E-01  1.09672931E+01  9.07508596E-02
    1  5.10000000E+00  4.02081284E-01  1.06838662E+01  9.34666944E-02
    1  5.20000000E+00  8.10813909E-02  1.03896677E+01  9.62436074E-02
    1  5.30000000E+00 -2.09553822E-01  1.00882735E+01  9.90822374E-02
    1  5.40000000E+00 -4.71089218E-01  9.78283570E+00  1.01983364E-01
    1  5.50000000E+00 -7.05040631E-01  9.47607837E+00  1.04947928E-01
    1  5.60000000E+00 -9.13084663E-01  9.17031209E+00  1.07977046E-01
    1  5.70000000E+00 -1.09698431E+00  8.86746198E+00  1.11072005E-01
    1  5.80000000E+00 -1.25853018E+00  8.56910322E+00  1.14234257E-01
    1  5.90000000E+00 -1.39949587E+00  8.27649993E+00  1.17465409E-01
    1  6.00000000E+00 -1.52160551E+00  7.99064435E+00  1.20767206E-01
    1  6.10000000E+00 -1.62651114E+00  7.71229427E+00  1.24141515E-01
    1  6.20000000E+00 -1.71577808E+00  7.44200767E+00  1.27590312E-01
    1  6.30000000E+00 -1.79087631E+00  7.18017382E+00  1.31115669E-01
    1  6.40000000E+00 -1.85317628E+00  6.92704091E+00  1.34719740E-01
    1  6.50000000E+00 -1.90394823E+00  6.68274015E+00  1.38404758E-01
    1  6.60000000E+00 -1.94436367E+00  6.44730652E+00  1.42173023E-01
    1  6.70000000E+00 -1.97549857E+00  6.22069674E+00  1.46026902E-01
    1  6.80000000E+00 -1.99833768E+00  6.00280447E+00  1.49968827E-01
    1  6.90000000E+00 -2.01377939E+00  5.79347331E+00  1.54001294E-01
    1  7.00000000E+00 -2.02264108E+00  5.59250772E+00  1.58126870E-01
    1  7.10000000E+00 -2.02566453E+00  5.39968229E+00  1.62348192E-01
    1  7.20000000E+00 -2.02352141E+00  5.21474946E+00  1.66667977E-01
    1  7.30000000E+00 -2.01681861E+00  5.03744604E+00  1.71089026E-01
    1  7.40000000E+00 -2.00610339E+00  4.86749856E+00  1.75614236E-01
    1  7.50000000E+00 -1.99186835E+00  4.70462777E+00  1.80246603E-01
    1  7.60000000E+00 -1.97455612E+00  4.54855230E+00  1.84989235E-01
    1  7.70000000E+00 -1.95456376E+00  4.39899162E+00  1.89845359E-01
    1  7.80000000E+00 -1.93224690E+00  4.25566849E+00  1.94818327E-01
    1  7.90000000E+00 -1.90792361E+00  4.11831084E+00  1.99911629E-01
    1  8.00000000E+00 -1.88187798E+00  3.98665329E+00  2.05128898E-01
    1  8.10000000E+00 -1.85436342E+00  3.86043823E+00  2.10473913E-01
    1  8.20000000E+00 -1.82560572E+00  3.73941671E+00  2.15950613E-01
    1  8.30000000E+00 -1.79580583E+00  3.62334896E+00  2.21563094E-01
    1  8.40000000E+00 -1.76514242E+00  3.51200477E+00  2.27315618E-01
    1  8.50000000E+00 -1.73377420E+00  3.40516367E+00  2.33212616E-01
    1  8.60000000E+00 -1.70184203E+00  3.30261497E+00  2.39258690E-01
    1  8.70000000E+00 -1.66947081E+00  3.20415769E+00  2.45458616E-01
    1  8.80000000E+00 -1.63677122E+00  3.10960036E+00  2.51817347E-01
    1  8.90000000E+00 -1.60384124E+00  3.01876083E+00  2.58340012E-01
    1  9.00000000E+00 -1.57076754E+00  2.93146594E+00  2.65031923E-01
    1  9.10000000E+00 -1.53762671E+00  2.84755120E+00  2.71898567E-01
    1  9.20000000E+00 -1.50448637E+00  2.76686046E+00  2.78945616E-01
    1  9.30000000E+00 -1.47140616E+00  2.68924554E+00  2.86178921E-01
    1  9.40000000E+00 -1.43843859E+00  2.61456580E+00  2.93604516E-01
    1  9.50000000E+00 -1.40562982E+00  2.54268785E+00  3.01228619E-01
    1  9.60000000E+00 -1.37302038E+00  2.47348512E+00  3.09057628E-01
    1  9.70000000E+00 -1.34064574E+00  2.40683751E+00  3.17098127E-01
    1  9.80000000E+00 -1.30853688E+00  2.34263107E+00  3.25356881E-01
    1  9.90000000E+00 -1.27672075E+00  2.28075763E+00  3.33840840E-01
    1  1.00000000E+01 -1.24522070E+00  2.22111450E+00  3.42557134E-01
    1  1.01000000E+01 -1.21405691E+00  2.16360414E+00  3.51513078E-01
    1  1.02000000E+01 -1.18324662E+00  2.10813392E+00  3.60716166E-01
    1  1.03000000E+01 -1.15280455E+00  2.05461578E+00  3.70174072E-01
    1  1.04000000E+01 -1.12274308E+00  2.00296605E+00  3.79894649E-01
    1  1.05000000E+01 -1.09307252E+00  1.95310512E+00  3.89885922E-01
    1  1.06000000E+01 -1.06380132E+00  1.90495730E+00  4.00156090E-01
    1  1.07000000E+01 -1.03493628E+00  1.85845055E+00  4.10713516E-01
    0  1.08000000E+01 -1.00607125E+00  1.81194380E+00  4.21841430E-01
    1  1.09000000E+01 -9.78458509E-01  1.77012323E+00  4.32717076E-01
    0  1.10000000E+01 -9.50845773E-01  1.72830266E+00  4.44163832E-01
    0  1.11000000E+01 -9.23233037E-01  1.68648208E+00  4.56227541E-01
    1  1.12000000E+01 -8.96855316E-01  1.64827428E+00  4.68105801E-01
    0  1.13000000E+01 -8.70477595E-01  1.61006648E+00  4.80610359E-01
    1  1.14000000E+01 -8.44546128E-01  1.57348276E+00  4.93393032E-01
    0  1.15000000E+01 -8.18614662E-01  1.53689904E+00  5.06861290E-01
    1  1.16000000E+01 -7.93927078E-01  1.50345351E+00  5.20101473E-01
    0  1.17000000E+01 -7.69239495E-01  1.47000797E+00  5.34033189E-01
    0  1.18000000E+01 -7.44551911E-01  1.43656243E+00  5.48710649E-01
    1  1.19000000E+01 -7.21066307E-01  1.40638978E+00  5.63035881E-01
    0  1.20000000E+01 -6.97580704E-01  1.37621713E+00  5.78098591E-01
    0  1.21000000E+01 -6.74095100E-01  1.34604449E+00  5.93954969E-01
    1  1.22000000E+01 -6.51825407E-01  1.31800045E+00  6.09620493E-01
    0  1.23000000E+01 -6.29555714E-01  1.28995641E+00  6.26092761E-01
    0  1.24000000E+01 -6.07286021E-01  1.26191238E+00  6.43432617E-01
    1  1.25000000E+01 -5.86059396E-01  1.23731105E+00  6.60108964E-01
    0  1.26000000E+01 -5.64832770E-01  1.21270973E+00  6.77604676E-01
    1  1.27000000E+01 -5.44079928E-01  1.18736582E+00  6.96050924E-01
    1  1.28000000E+01 -5.23642581E-01  1.16349471E+00  7.14711807E-01
    0  1.29000000E+01 -5.03205233E-01  1.13962359E+00  7.34313689E-01
    1  1.30000000E+01 -4.83822599E-01  1.11775659E+00  7.53477343E-01
    0  1.31000000E+01 -4.64439964E-01  1.09588959E+00  7.73562676E-01
    0  1.32000000E+01 -4.45057330E-01  1.07402258E+00  7.94630184E-01
    1  1.33000000E+01 -4.26640890E-01  1.05382308E+00  8.15295670E-01
    0  1.34000000E+01 -4.08224450E-01  1.03362357E+00  8.36925297E-01
    0  1.35000000E+01 -3.89808011E-01  1.01342406E+00  8.59577985E-01
    1  1.36000000E+01 -3.72385787E-01  9.95001965E-01  8.81546816E-01
    0  1.37000000E+01 -3.54963563E-01  9.76579866E-01  9.04485694E-01
    0  1.38000000E+01 -3.37541339E-01  9.58157768E-01  9.28447033E-01
    1  1.39000000E+01 -3.20905711E-01  9.40785818E-01  9.52156056E-01
    0  1.40000000E+01 -3.04270082E-01  9.23413868E-01  9.76874854E-01
    0  1.41000000E+01 -2.87634454E-01  9.06041918E-01  1.00265190E+00
    1  1.42000000E+01 -2.72033776E-01  8.90703417E-01  1.02691916E+00
    0  1.43000000E+01 -2.56433097E-01  8.75364916E-01  1.05209389E+00
    1  1.44000000E+01 -2.40829937E-01  8.59408726E-01  1.07886982E+00
    1  1.45000000E+01 -2.25631722E-01  8.44365182E-01  1.10538935E+00
    0  1.46000000E+01 -2.10433507E-01  8.29321637E-01  1.13286540E+00
    1  1.47000000E+01 -1.96001966E-01  8.15381200E-01  1.15942526E+00
    0  1.48000000E+01 -1.81570425E-01  8.01440763E-01  1.18683592E+00
    0  1.49000000E+01 -1.67138883E-01  7.87500326E-01  1.21510545E+00
    1  1.50000000E+01 -1.53398929E-01  7.74510256E-01  1.24240219E+00
    0  1.51000000E+01 -1.39658975E-01  7.61520185E-01  1.27043343E+00
    0  1.52000000E+01 -1.25919020E-01  7.48530115E-01  1.29918650E+00
    1  1.53000000E+01 -1.12895492E-01  7.36515614E-01  1.32657558E+00
    0  1.54000000E+01 -9.98719636E-02  7.24501112E-01  1.35452095E+00
    0  1.55000000E+01 -8.68484352E-02  7.12486611E-01  1.38298625E+00
    0  1.56000000E+01 -7.38249069E-02  7.00472110E-01  1.41192535E+00
    1  1.57000000E+01 -6.19497129E-02  6.89902389E-01  1.43788656E+00
    0  1.58000000E+01 -5.00745189E-02  6.79332668E-01  1.46407798E+00
    1  1.59000000E+01 -3.76891215E-02  6.68148322E-01  1.49192651E+00
    1  1.60000000E+01 -2.58700887E-02  6.57662267E-01  1.51818811E+00
    0  1.61000000E+01 -1.40510560E-02  6.47176211E-01  1.54444620E+00
    0  1.62000000E+01 -2.23202320E-03  6.36690156E-01  1.57060338E+00
    1  1.63000000E+01  8.49052338E-03  6.27551101E-01  1.59320409E+00
    0  1.64000000E+01  1.92130700E-02  6.18412047E-01  1.61548549E+00
    1  1.65000000E+01  3.05086603E-02  6.08552385E-01  1.63912424E+00
    0  1.66000000E+01  4.18042506E-02  5.98692723E-01  1.66220160E+00
    1  1.67000000E+01  5.18179546E-02  5.90392209E-01  1.68084119E+00
    0  1.68000000E+01  6.18316587E-02  5.82091696E-01  1.69877448E+00
    1  1.69000000E+01  7.24880158E-02  5.72980188E-01  1.71776832E+00
    0  1.70000000E+01  8.31443729E-02  5.63868680E-01  1.73572358E+00
    1  1.71000000E+01  9.25039376E-02  5.56315684E-01  1.74917771E+00
    0  1.72000000E+01  1.01863502E-01  5.48762689E-01  1.76158375E+00
    1  1.73000000E+01  1.11928054E-01  5.40324296E-01  1.77459088E+00
    0  1.74000000E+01  1.21992606E-01  5.31885903E-01  1.78614182E+00
    1  1.75000000E+01  1.30749235E-01  5.25000704E-01  1.79351848E+00
    0  1.76000000E+01  1.39505864E-01  5.18115504E-01  1.79960228E+00
    1  1.77000000E+01  1.49021831E-01  5.10283829E-01  1.80569384E+00
    1  1.78000000E+01  1.57945346E-01  5.03154008E-01  1.80918616E+00
    0  1.79000000E+01  1.66868862E-01  4.96024186E-01  1.81106598E+00
    0  1.80000000E+01  1.75792377E-01  4.88894365E-01  1.81125211E+00
    1  1.81000000E+01  1.83938849E-01  4.82601386E-01  1.80927394E+00
    0  1.82000000E+01  1.92085322E-01  4.76308407E-01  1.80579589E+00
    0  1.83000000E+01  2.00231794E-01  4.70015428E-01  1.80077521E+00
    0  1.84000000E+01  2.08378266E-01  4.63722449E-01  1.79417484E+00
    0  1.85000000E+01  2.16524739E-01  4.57429470E-01  1.78596403E+00
    0  1.86000000E+01  2.24671211E-01  4.51136490E-01  1.77611892E+00
    0  1.87000000E+01  2.32817683E-01  4.44843511E-01  1.76462304E+00
    1  1.88000000E+01  2.40304699E-01  4.39129997E-01  1.75244379E+00
    0  1.89000000E+01  2.47791715E-01  4.33416483E-01  1.73887852E+00
    0  1.90000000E+01  2.55278731E-01  4.27702968E-01  1.72393405E+00
    1  1.91000000E+01  2.62768785E-01  4.22223971E-01  1.70719347E+00
    0  1.92000000E+01  2.70258840E-01  4.16744974E-01  1.68916735E+00
    1  1.93000000E+01  2.77210694E-01  4.11476237E-01  1.67159086E+00
    0  1.94000000E+01  2.84162548E-01  4.06207499E-01  1.65291039E+00
    1  1.95000000E+01  2.91265779E-01  4.01121548E-01  1.63233879E+00
    0  1.96000000E+01  2.98369011E-01  3.96035598E-01  1.61076341E+00
    1  1.97000000E+01  3.04915008E-01  3.91144268E-01  1.59023067E+00
    0  1.98000000E+01  3.11461005E-01  3.86252938E-01  1.56886292E+00
    1  1.99000000E+01  3.18206628E-01  3.81524698E-01  1.54578246E+00
    0  2.00000000E+01  3.24952251E-01  3.76796457E-01  1.52198232E+00
