#   omega (eV)      epsilon_1       epsilon_2       n               kappa           mu (cm^(-1))    R               epsinv   
    0.000000E+00    0.121363E+02    0.000000E+00    0.248372E+01    0.000000E+00    0.000000E+00    0.306852E+00   -0.000000E+00
    0.100000E+00    0.121422E+02    0.118754E-01    0.248457E+01    0.170400E-02    0.172708E-03    0.306946E+00    0.805473E-04
    0.200000E+00    0.121600E+02    0.238379E-01    0.248713E+01    0.341798E-02    0.692856E-03    0.307227E+00    0.161211E-03
    0.300000E+00    0.121899E+02    0.359761E-01    0.249140E+01    0.515210E-02    0.156657E-02    0.307698E+00    0.242110E-03
    0.400000E+00    0.122319E+02    0.483825E-01    0.249742E+01    0.691688E-02    0.280423E-02    0.308360E+00    0.323365E-03
    0.500000E+00    0.122865E+02    0.611548E-01    0.250522E+01    0.872339E-02    0.442078E-02    0.309217E+00    0.405101E-03
    0.600000E+00    0.123541E+02    0.743988E-01    0.251485E+01    0.105835E-01    0.643612E-02    0.310272E+00    0.487451E-03
    0.700000E+00    0.124351E+02    0.882303E-01    0.252637E+01    0.125101E-01    0.887569E-02    0.311530E+00    0.570555E-03
    0.800000E+00    0.125303E+02    0.102779E+00    0.253984E+01    0.145174E-01    0.117712E-01    0.312998E+00    0.654564E-03
    0.900000E+00    0.126404E+02    0.118190E+00    0.255537E+01    0.166213E-01    0.151618E-01    0.314682E+00    0.739643E-03
    0.100000E+01    0.127663E+02    0.134631E+00    0.257305E+01    0.188398E-01    0.190950E-01    0.316592E+00    0.825972E-03
    0.110000E+01    0.129092E+02    0.152297E+00    0.259300E+01    0.211935E-01    0.236286E-01    0.318737E+00    0.913756E-03
    0.120000E+01    0.130704E+02    0.171416E+00    0.261538E+01    0.237065E-01    0.288331E-01    0.321129E+00    0.100322E-02
    0.130000E+01    0.132515E+02    0.192260E+00    0.264035E+01    0.264068E-01    0.347938E-01    0.323781E+00    0.109464E-02
    0.140000E+01    0.134542E+02    0.215157E+00    0.266812E+01    0.293280E-01    0.416153E-01    0.326710E+00    0.118830E-02
    0.150000E+01    0.136810E+02    0.240506E+00    0.269892E+01    0.325103E-01    0.494260E-01    0.329933E+00    0.128457E-02
    0.160000E+01    0.139343E+02    0.268801E+00    0.273304E+01    0.360030E-01    0.583850E-01    0.333473E+00    0.138389E-02
    0.170000E+01    0.142173E+02    0.300658E+00    0.277080E+01    0.398666E-01    0.686913E-01    0.337355E+00    0.148676E-02
    0.180000E+01    0.145341E+02    0.336864E+00    0.281262E+01    0.441776E-01    0.805968E-01    0.341609E+00    0.159384E-02
    0.190000E+01    0.148893E+02    0.378433E+00    0.285897E+01    0.490329E-01    0.944245E-01    0.346270E+00    0.170594E-02
    0.200000E+01    0.152887E+02    0.426701E+00    0.291045E+01    0.545590E-01    0.110596E+00    0.351380E+00    0.182409E-02
    0.210000E+01    0.157397E+02    0.483463E+00    0.296780E+01    0.609233E-01    0.129672E+00    0.356992E+00    0.194966E-02
    0.220000E+01    0.162518E+02    0.551196E+00    0.303194E+01    0.683537E-01    0.152415E+00    0.363170E+00    0.208450E-02
    0.230000E+01    0.168371E+02    0.633410E+00    0.310403E+01    0.771692E-01    0.179893E+00    0.369994E+00    0.223118E-02
    0.240000E+01    0.175118E+02    0.735267E+00    0.318563E+01    0.878322E-01    0.213653E+00    0.377566E+00    0.239342E-02
    0.250000E+01    0.182979E+02    0.864678E+00    0.327880E+01    0.101042E+00    0.256027E+00    0.386023E+00    0.257680E-02
    0.260000E+01    0.192267E+02    0.103445E+01    0.338641E+01    0.117915E+00    0.310732E+00    0.395547E+00    0.279026E-02
    0.270000E+01    0.203438E+02    0.126677E+01    0.351259E+01    0.140360E+00    0.384105E+00    0.406401E+00    0.304898E-02
    0.280000E+01    0.217199E+02    0.160387E+01    0.366363E+01    0.171955E+00    0.487996E+00    0.418976E+00    0.338136E-02
    0.290000E+01    0.234700E+02    0.213688E+01    0.384959E+01    0.220315E+00    0.647569E+00    0.433893E+00    0.384742E-02
    0.300000E+01    0.257821E+02    0.310074E+01    0.408674E+01    0.304786E+00    0.926743E+00    0.452175E+00    0.459825E-02
    0.310000E+01    0.288207E+02    0.521741E+01    0.439026E+01    0.483966E+00    0.152062E+01    0.475013E+00    0.608194E-02
    0.320000E+01    0.313826E+02    0.100281E+02    0.467135E+01    0.884103E+00    0.286745E+01    0.499092E+00    0.923882E-02
    0.330000E+01    0.300114E+02    0.153840E+02    0.464518E+01    0.136258E+01    0.455742E+01    0.509275E+00    0.135261E-01
    0.340000E+01    0.280475E+02    0.183237E+02    0.454752E+01    0.165152E+01    0.569124E+01    0.513349E+00    0.163252E-01
    0.350000E+01    0.257490E+02    0.207946E+02    0.442431E+01    0.191680E+01    0.679968E+01    0.517258E+00    0.189831E-01
    0.360000E+01    0.236467E+02    0.219031E+02    0.428578E+01    0.207189E+01    0.755983E+01    0.517322E+00    0.210827E-01
    0.370000E+01    0.227497E+02    0.224599E+02    0.423060E+01    0.214697E+01    0.805141E+01    0.518249E+00    0.219765E-01
    0.380000E+01    0.228357E+02    0.235904E+02    0.427581E+01    0.223572E+01    0.861081E+01    0.524533E+00    0.218840E-01
    0.390000E+01    0.234460E+02    0.263880E+02    0.441965E+01    0.243448E+01    0.962307E+01    0.540109E+00    0.211775E-01
    0.400000E+01    0.234388E+02    0.305849E+02    0.456651E+01    0.274722E+01    0.111377E+02    0.560535E+00    0.205985E-01
    0.410000E+01    0.211394E+02    0.372685E+02    0.465623E+01    0.329447E+01    0.136903E+02    0.589823E+00    0.203008E-01
    0.420000E+01    0.147526E+02    0.432673E+02    0.449845E+01    0.393450E+01    0.167488E+02    0.618892E+00    0.207050E-01
    0.430000E+01    0.349141E+01    0.465448E+02    0.400834E+01    0.464673E+01    0.202516E+02    0.652754E+00    0.213645E-01
    0.440000E+01   -0.692945E+01    0.405336E+02    0.313474E+01    0.490158E+01    0.218591E+02    0.671788E+00    0.239704E-01
    0.450000E+01   -0.106511E+02    0.337252E+02    0.251540E+01    0.479678E+01    0.218779E+02    0.675985E+00    0.269621E-01
    0.460000E+01   -0.123326E+02    0.276010E+02    0.199152E+01    0.461322E+01    0.215082E+02    0.678452E+00    0.302011E-01
    0.470000E+01   -0.111532E+02    0.226471E+02    0.165436E+01    0.426601E+01    0.203219E+02    0.663507E+00    0.355368E-01
    0.480000E+01   -0.915507E+01    0.204639E+02    0.157521E+01    0.397326E+01    0.193300E+02    0.639439E+00    0.407172E-01
    0.490000E+01   -0.829157E+01    0.200185E+02    0.158613E+01    0.387036E+01    0.192216E+02    0.628429E+00    0.426388E-01
    0.500000E+01   -0.867533E+01    0.196914E+02    0.153401E+01    0.388543E+01    0.196903E+02    0.632563E+00    0.425288E-01
    0.510000E+01   -0.985131E+01    0.189444E+02    0.139807E+01    0.394994E+01    0.204176E+02    0.646679E+00    0.415503E-01
    0.520000E+01   -0.110269E+02    0.167877E+02    0.112819E+01    0.394412E+01    0.207872E+02    0.664080E+00    0.416136E-01
    0.530000E+01   -0.104390E+02    0.145140E+02    0.928620E+00    0.376279E+01    0.202129E+02    0.660684E+00    0.454088E-01
    0.540000E+01   -0.961430E+01    0.137444E+02    0.891960E+00    0.363233E+01    0.198803E+02    0.648942E+00    0.488527E-01
    0.550000E+01   -0.968298E+01    0.131553E+02    0.823695E+00    0.360678E+01    0.201060E+02    0.652333E+00    0.493036E-01
    0.560000E+01   -0.969712E+01    0.122696E+02    0.723631E+00    0.355922E+01    0.202016E+02    0.656753E+00    0.501666E-01
    0.570000E+01   -0.983217E+01    0.115250E+02    0.630492E+00    0.353421E+01    0.204179E+02    0.663992E+00    0.502185E-01
    0.580000E+01   -0.100480E+02    0.103514E+02    0.479556E+00    0.349816E+01    0.205641E+02    0.678100E+00    0.497390E-01
    0.590000E+01   -0.966074E+01    0.904792E+01    0.337045E+00    0.338355E+01    0.202334E+02    0.683731E+00    0.516449E-01
    0.600000E+01   -0.893131E+01    0.824360E+01    0.269432E+00    0.324696E+01    0.197457E+02    0.676435E+00    0.558036E-01
    0.610000E+01   -0.838885E+01    0.791131E+01    0.253406E+00    0.315593E+01    0.195119E+02    0.666597E+00    0.595007E-01
    0.620000E+01   -0.823525E+01    0.764020E+01    0.224392E+00    0.312000E+01    0.196060E+02    0.666431E+00    0.605443E-01
    0.630000E+01   -0.818063E+01    0.714378E+01    0.157613E+00    0.308556E+01    0.197024E+02    0.673359E+00    0.605630E-01
    0.640000E+01   -0.803017E+01    0.661570E+01    0.895428E-01    0.303600E+01    0.196936E+02    0.679156E+00    0.611144E-01
    0.650000E+01   -0.791801E+01    0.605229E+01    0.119755E-01    0.299033E+01    0.197005E+02    0.688387E+00    0.609342E-01
    0.660000E+01   -0.762978E+01    0.534458E+01   -0.819334E-01    0.291078E+01    0.194714E+02    0.697796E+00    0.615890E-01
    0.670000E+01   -0.705380E+01    0.484615E+01   -0.132731E+00    0.279391E+01    0.189728E+02    0.692802E+00    0.661669E-01
    0.680000E+01   -0.657652E+01    0.471115E+01   -0.130137E+00    0.270799E+01    0.186637E+02    0.678708E+00    0.719857E-01
    0.690000E+01   -0.640187E+01    0.457864E+01   -0.143020E+00    0.267138E+01    0.186822E+02    0.676143E+00    0.739111E-01
    0.700000E+01   -0.620605E+01    0.426590E+01   -0.186136E+00    0.262077E+01    0.185939E+02    0.679535E+00    0.752191E-01
    0.710000E+01   -0.590064E+01    0.404986E+01   -0.207505E+00    0.255513E+01    0.183872E+02    0.674598E+00    0.790695E-01
    0.720000E+01   -0.572558E+01    0.392186E+01   -0.220772E+00    0.251650E+01    0.183642E+02    0.671850E+00    0.814285E-01
    0.730000E+01   -0.559611E+01    0.365268E+01   -0.262914E+00    0.247778E+01    0.183328E+02    0.678019E+00    0.817912E-01
    0.740000E+01   -0.529183E+01    0.338009E+01   -0.297369E+00    0.240531E+01    0.180404E+02    0.676373E+00    0.857272E-01
    0.750000E+01   -0.495618E+01    0.331713E+01   -0.290198E+00    0.233666E+01    0.177624E+02    0.661331E+00    0.932642E-01
    0.760000E+01   -0.481210E+01    0.335886E+01   -0.273257E+00    0.231090E+01    0.178007E+02    0.650684E+00    0.975329E-01
    0.770000E+01   -0.480457E+01    0.328080E+01   -0.288209E+00    0.230461E+01    0.179859E+02    0.654531E+00    0.969288E-01
    0.780000E+01   -0.475256E+01    0.310184E+01   -0.320783E+00    0.228340E+01    0.180517E+02    0.661815E+00    0.963058E-01
    0.790000E+01   -0.466214E+01    0.292331E+01   -0.351655E+00    0.225444E+01    0.180513E+02    0.667495E+00    0.965385E-01
    0.800000E+01   -0.456066E+01    0.272525E+01   -0.386726E+00    0.222188E+01    0.180158E+02    0.674630E+00    0.965491E-01
    0.810000E+01   -0.439780E+01    0.251991E+01   -0.420868E+00    0.217559E+01    0.178610E+02    0.679456E+00    0.980867E-01
    0.820000E+01   -0.418679E+01    0.238217E+01   -0.438637E+00    0.212177E+01    0.176342E+02    0.676437E+00    0.102662E+00
    0.830000E+01   -0.400584E+01    0.232287E+01   -0.441089E+00    0.207803E+01    0.174813E+02    0.668716E+00    0.108330E+00
    0.840000E+01   -0.389098E+01    0.228302E+01   -0.443075E+00    0.204967E+01    0.174504E+02    0.663752E+00    0.112177E+00
    0.850000E+01   -0.381480E+01    0.222033E+01   -0.452686E+00    0.202839E+01    0.174748E+02    0.663633E+00    0.113965E+00
    0.860000E+01   -0.375185E+01    0.213515E+01   -0.468491E+00    0.200857E+01    0.175077E+02    0.666759E+00    0.114576E+00
    0.870000E+01   -0.369330E+01    0.202503E+01   -0.490720E+00    0.198813E+01    0.175310E+02    0.673046E+00    0.114143E+00
    0.880000E+01   -0.361534E+01    0.188944E+01   -0.518358E+00    0.196146E+01    0.174946E+02    0.681168E+00    0.113544E+00
    0.890000E+01   -0.350044E+01    0.175643E+01   -0.543955E+00    0.192573E+01    0.173711E+02    0.687024E+00    0.114514E+00
    0.900000E+01   -0.336520E+01    0.165522E+01   -0.561227E+00    0.188619E+01    0.172057E+02    0.688138E+00    0.117689E+00
    0.910000E+01   -0.323869E+01    0.158669E+01   -0.571170E+00    0.185002E+01    0.170633E+02    0.686077E+00    0.121990E+00
    0.920000E+01   -0.313484E+01    0.153226E+01   -0.579028E+00    0.181991E+01    0.169699E+02    0.684146E+00    0.125852E+00
    0.930000E+01   -0.304933E+01    0.147479E+01   -0.588956E+00    0.179396E+01    0.169098E+02    0.684378E+00    0.128540E+00
    0.940000E+01   -0.297055E+01    0.140770E+01   -0.602090E+00    0.176886E+01    0.168526E+02    0.686872E+00    0.130273E+00
    0.950000E+01   -0.288806E+01    0.133336E+01   -0.617287E+00    0.174199E+01    0.167731E+02    0.690514E+00    0.131771E+00
    0.960000E+01   -0.279663E+01    0.125961E+01   -0.632185E+00    0.171228E+01    0.166606E+02    0.693668E+00    0.133891E+00
    0.970000E+01   -0.269794E+01    0.119476E+01   -0.644537E+00    0.168056E+01    0.165223E+02    0.694985E+00    0.137229E+00
    0.980000E+01   -0.259827E+01    0.114312E+01   -0.653343E+00    0.164877E+01    0.163768E+02    0.694031E+00    0.141866E+00
    0.990000E+01   -0.250456E+01    0.110413E+01   -0.658987E+00    0.161891E+01    0.162443E+02    0.691333E+00    0.147376E+00
    0.100000E+02   -0.242215E+01    0.107333E+01   -0.662984E+00    0.159240E+01    0.161397E+02    0.688189E+00    0.152921E+00
    0.101000E+02   -0.235255E+01    0.104324E+01   -0.667631E+00    0.156940E+01    0.160657E+02    0.686313E+00    0.157522E+00
    0.102000E+02   -0.229128E+01    0.100703E+01   -0.674783E+00    0.154824E+01    0.160060E+02    0.686783E+00    0.160762E+00
    0.103000E+02   -0.223048E+01    0.963725E+00   -0.684330E+00    0.152648E+01    0.159357E+02    0.689081E+00    0.163238E+00
    0.104000E+02   -0.216543E+01    0.917943E+00   -0.694608E+00    0.150289E+01    0.158418E+02    0.691737E+00    0.165942E+00
    0.105000E+02   -0.209623E+01    0.874172E+00   -0.704220E+00    0.147774E+01    0.157264E+02    0.693711E+00    0.169467E+00
    0.106000E+02   -0.202398E+01    0.834736E+00   -0.712445E+00    0.145144E+01    0.155936E+02    0.694454E+00    0.174147E+00
    0.107000E+02   -0.194982E+01    0.802475E+00   -0.718328E+00    0.142449E+01    0.154485E+02    0.693155E+00    0.180503E+00
    0.108000E+02   -0.187822E+01    0.780413E+00   -0.721000E+00    0.139859E+01    0.153094E+02    0.689301E+00    0.188654E+00
    0.109000E+02   -0.181687E+01    0.766432E+00   -0.721575E+00    0.137637E+01    0.152056E+02    0.684393E+00    0.197105E+00
    0.110000E+02   -0.176936E+01    0.750715E+00   -0.723710E+00    0.135856E+01    0.151466E+02    0.681933E+00    0.203214E+00
    0.111000E+02   -0.172808E+01    0.723555E+00   -0.730404E+00    0.134192E+01    0.150971E+02    0.684002E+00    0.206154E+00
    0.112000E+02   -0.168015E+01    0.686902E+00   -0.740201E+00    0.132199E+01    0.150068E+02    0.688372E+00    0.208484E+00
    0.113000E+02   -0.162121E+01    0.652164E+00   -0.748747E+00    0.129782E+01    0.148640E+02    0.690763E+00    0.213568E+00
    0.114000E+02   -0.155750E+01    0.627738E+00   -0.753278E+00    0.127215E+01    0.146990E+02    0.688943E+00    0.222612E+00
    0.115000E+02   -0.149746E+01    0.613623E+00   -0.754188E+00    0.124815E+01    0.145482E+02    0.683835E+00    0.234304E+00
    0.116000E+02   -0.144531E+01    0.604974E+00   -0.753518E+00    0.122722E+01    0.144286E+02    0.677778E+00    0.246434E+00
    0.117000E+02   -0.140100E+01    0.597337E+00   -0.752990E+00    0.120914E+01    0.143385E+02    0.672514E+00    0.257516E+00
    0.118000E+02   -0.136333E+01    0.588098E+00   -0.753591E+00    0.119334E+01    0.142721E+02    0.668981E+00    0.266767E+00
    0.119000E+02   -0.133089E+01    0.574699E+00   -0.756298E+00    0.117910E+01    0.142214E+02    0.668102E+00    0.273466E+00
    0.120000E+02   -0.130006E+01    0.554876E+00   -0.761818E+00    0.116481E+01    0.141671E+02    0.670323E+00    0.277710E+00
    0.121000E+02   -0.126563E+01    0.529836E+00   -0.769317E+00    0.114841E+01    0.140840E+02    0.674341E+00    0.281447E+00
    0.122000E+02   -0.122505E+01    0.504742E+00   -0.776497E+00    0.112916E+01    0.139623E+02    0.677480E+00    0.287520E+00
    0.123000E+02   -0.118070E+01    0.484578E+00   -0.781400E+00    0.110837E+01    0.138176E+02    0.677756E+00    0.297495E+00
    0.124000E+02   -0.113745E+01    0.470435E+00   -0.783847E+00    0.108820E+01    0.136764E+02    0.675348E+00    0.310497E+00
    0.125000E+02   -0.109871E+01    0.459487E+00   -0.785279E+00    0.106996E+01    0.135557E+02    0.672227E+00    0.323972E+00
    0.126000E+02   -0.106420E+01    0.447869E+00   -0.787394E+00    0.105328E+01    0.134511E+02    0.670354E+00    0.335957E+00
    0.127000E+02   -0.103103E+01    0.433993E+00   -0.790695E+00    0.103675E+01    0.133450E+02    0.670029E+00    0.346812E+00
    0.128000E+02   -0.996918E+00    0.419246E+00   -0.794369E+00    0.101941E+01    0.132252E+02    0.670033E+00    0.358448E+00
    0.129000E+02   -0.962021E+00    0.405654E+00   -0.797480E+00    0.100152E+01    0.130946E+02    0.669232E+00    0.372146E+00
    0.130000E+02   -0.927734E+00    0.393613E+00   -0.799942E+00    0.983747E+00    0.129619E+02    0.667663E+00    0.387559E+00
    0.131000E+02   -0.894431E+00    0.382153E+00   -0.802239E+00    0.966199E+00    0.128287E+02    0.665968E+00    0.403947E+00
    0.132000E+02   -0.861026E+00    0.371047E+00   -0.804365E+00    0.948314E+00    0.126873E+02    0.663979E+00    0.422104E+00
    0.133000E+02   -0.826952E+00    0.361888E+00   -0.805427E+00    0.929952E+00    0.125359E+02    0.660403E+00    0.444136E+00
    0.134000E+02   -0.794002E+00    0.356402E+00   -0.804653E+00    0.912229E+00    0.123895E+02    0.654409E+00    0.470521E+00
    0.135000E+02   -0.765423E+00    0.353737E+00   -0.802786E+00    0.896837E+00    0.122713E+02    0.647461E+00    0.497519E+00
    0.136000E+02   -0.742563E+00    0.349903E+00   -0.802124E+00    0.884148E+00    0.121873E+02    0.642924E+00    0.519273E+00
    0.137000E+02   -0.722369E+00    0.341114E+00   -0.804437E+00    0.872132E+00    0.121101E+02    0.642804E+00    0.534514E+00
    0.138000E+02   -0.699837E+00    0.328075E+00   -0.808842E+00    0.858125E+00    0.120025E+02    0.645221E+00    0.549167E+00
    0.139000E+02   -0.673208E+00    0.315116E+00   -0.812783E+00    0.841581E+00    0.118564E+02    0.646384E+00    0.570338E+00
    0.140000E+02   -0.644883E+00    0.305328E+00   -0.814758E+00    0.824134E+00    0.116942E+02    0.644449E+00    0.599742E+00
    0.141000E+02   -0.617872E+00    0.298215E+00   -0.815335E+00    0.807449E+00    0.115392E+02    0.640626E+00    0.633558E+00
    0.142000E+02   -0.592683E+00    0.291570E+00   -0.815831E+00    0.791581E+00    0.113927E+02    0.636901E+00    0.668300E+00
    0.143000E+02   -0.567729E+00    0.284728E+00   -0.816427E+00    0.775518E+00    0.112401E+02    0.633271E+00    0.705844E+00
    0.144000E+02   -0.542327E+00    0.279194E+00   -0.816088E+00    0.759045E+00    0.110783E+02    0.628048E+00    0.750386E+00
    0.145000E+02   -0.518050E+00    0.276119E+00   -0.814270E+00    0.743334E+00    0.109243E+02    0.620669E+00    0.801233E+00
    0.146000E+02   -0.496824E+00    0.274318E+00   -0.811983E+00    0.729503E+00    0.107950E+02    0.613046E+00    0.851696E+00
    0.147000E+02   -0.478394E+00    0.271434E+00   -0.810739E+00    0.717087E+00    0.106840E+02    0.607455E+00    0.897192E+00
    0.148000E+02   -0.460659E+00    0.266838E+00   -0.810655E+00    0.704635E+00    0.105699E+02    0.603684E+00    0.941529E+00
    0.149000E+02   -0.442675E+00    0.262105E+00   -0.810559E+00    0.691783E+00    0.104472E+02    0.599772E+00    0.990345E+00
    0.150000E+02   -0.425858E+00    0.258170E+00   -0.810073E+00    0.679654E+00    0.103329E+02    0.595439E+00    0.104098E+01
    0.151000E+02   -0.411507E+00    0.253398E+00   -0.810578E+00    0.668871E+00    0.102368E+02    0.593103E+00    0.108499E+01
    0.152000E+02   -0.398071E+00    0.245552E+00   -0.813395E+00    0.657946E+00    0.101362E+02    0.594540E+00    0.112249E+01
    0.153000E+02   -0.382416E+00    0.235285E+00   -0.817539E+00    0.644754E+00    0.999837E+01    0.597644E+00    0.116708E+01
    0.154000E+02   -0.363747E+00    0.225811E+00   -0.820568E+00    0.629240E+00    0.982155E+01    0.598362E+00    0.123191E+01
    0.155000E+02   -0.344426E+00    0.219191E+00   -0.821351E+00    0.613467E+00    0.963755E+01    0.595257E+00    0.131509E+01
    0.156000E+02   -0.327105E+00    0.214340E+00   -0.821157E+00    0.599241E+00    0.947479E+01    0.590927E+00    0.140147E+01
    0.157000E+02   -0.311846E+00    0.208644E+00   -0.822010E+00    0.586111E+00    0.932659E+01    0.588744E+00    0.148206E+01
    0.158000E+02   -0.296412E+00    0.201246E+00   -0.824128E+00    0.572139E+00    0.916224E+01    0.588608E+00    0.156783E+01
    0.159000E+02   -0.279454E+00    0.193875E+00   -0.825835E+00    0.556585E+00    0.896958E+01    0.587398E+00    0.167593E+01
    0.160000E+02   -0.262137E+00    0.188183E+00   -0.825999E+00    0.540752E+00    0.876923E+01    0.583403E+00    0.180722E+01
    0.161000E+02   -0.246296E+00    0.183583E+00   -0.825512E+00    0.526062E+00    0.858433E+01    0.578573E+00    0.194547E+01
    0.162000E+02   -0.231908E+00    0.178166E+00   -0.826021E+00    0.512032E+00    0.840727E+01    0.575765E+00    0.208322E+01
    0.163000E+02   -0.217105E+00    0.171412E+00   -0.827501E+00    0.496851E+00    0.820838E+01    0.574501E+00    0.224019E+01
    0.164000E+02   -0.200845E+00    0.165000E+00   -0.828120E+00    0.479988E+00    0.797843E+01    0.571290E+00    0.244213E+01
    0.165000E+02   -0.184424E+00    0.160500E+00   -0.826709E+00    0.463092E+00    0.774452E+01    0.564339E+00    0.268518E+01
    0.166000E+02   -0.169910E+00    0.157231E+00   -0.824519E+00    0.448000E+00    0.753754E+01    0.556435E+00    0.293390E+01
    0.167000E+02   -0.157498E+00    0.152788E+00   -0.824027E+00    0.434125E+00    0.734809E+01    0.552055E+00    0.317318E+01
    0.168000E+02   -0.144829E+00    0.145941E+00   -0.825675E+00    0.418590E+00    0.712757E+01    0.551361E+00    0.345226E+01
    0.169000E+02   -0.129730E+00    0.138416E+00   -0.826828E+00    0.399648E+00    0.684554E+01    0.549046E+00    0.384608E+01
    0.170000E+02   -0.112725E+00    0.132879E+00   -0.824605E+00    0.378799E+00    0.652681E+01    0.539960E+00    0.437622E+01
    0.171000E+02   -0.962408E-01    0.130250E+00   -0.818744E+00    0.359297E+00    0.622721E+01    0.524406E+00    0.496619E+01
    0.172000E+02   -0.823466E-01    0.129094E+00   -0.811885E+00    0.343124E+00    0.598167E+01    0.507987E+00    0.550597E+01
    0.173000E+02   -0.709878E-01    0.126932E+00   -0.807068E+00    0.328954E+00    0.576799E+01    0.496030E+00    0.600124E+01
    0.174000E+02   -0.601024E-01    0.122627E+00   -0.804474E+00    0.313581E+00    0.553022E+01    0.488022E+00    0.657529E+01
    0.175000E+02   -0.479719E-01    0.117329E+00   -0.801525E+00    0.295575E+00    0.524262E+01    0.478967E+00    0.730232E+01
    0.176000E+02   -0.348201E-01    0.112721E+00   -0.796092E+00    0.276403E+00    0.493058E+01    0.465438E+00    0.809865E+01
    0.177000E+02   -0.219692E-01    0.109246E+00   -0.788501E+00    0.258265E+00    0.463321E+01    0.448659E+00    0.879790E+01
    0.178000E+02   -0.102881E-01    0.106028E+00   -0.780639E+00    0.241676E+00    0.436010E+01    0.432167E+00    0.934346E+01
    0.179000E+02    0.567199E-03    0.101931E+00   -0.773615E+00    0.225128E+00    0.408438E+01    0.417549E+00    0.981024E+01
    0.180000E+02    0.117445E-01    0.966404E-01   -0.766445E+00    0.206890E+00    0.377447E+01    0.402849E+00    0.101970E+02
    0.181000E+02    0.241717E-01    0.908630E-01   -0.756900E+00    0.186884E+00    0.342843E+01    0.384644E+00    0.102782E+02
    0.182000E+02    0.379801E-01    0.857069E-01   -0.743363E+00    0.166981E+00    0.308021E+01    0.361209E+00    0.975254E+01
    0.183000E+02    0.525877E-01    0.820892E-01   -0.726069E+00    0.149835E+00    0.277913E+01    0.334048E+00    0.863724E+01
    0.184000E+02    0.669403E-01    0.804569E-01   -0.707081E+00    0.137336E+00    0.256122E+01    0.306906E+00    0.734476E+01
    0.185000E+02    0.797203E-01    0.805353E-01   -0.689324E+00    0.129613E+00    0.243032E+01    0.283608E+00    0.627161E+01
    0.186000E+02    0.898614E-01    0.809845E-01   -0.675323E+00    0.124715E+00    0.235113E+01    0.266400E+00    0.553416E+01
    0.187000E+02    0.976900E-01    0.796453E-01   -0.665536E+00    0.119064E+00    0.225666E+01    0.254664E+00    0.501333E+01
    0.188000E+02    0.105479E+00    0.753213E-01   -0.657151E+00    0.109846E+00    0.209308E+01    0.244539E+00    0.448364E+01
    0.189000E+02    0.115531E+00    0.692863E-01   -0.646273E+00    0.979376E-01    0.187609E+01    0.231934E+00    0.381785E+01
    0.190000E+02    0.128085E+00    0.638500E-01   -0.631759E+00    0.866959E-01    0.166953E+01    0.216341E+00    0.311726E+01
    0.191000E+02    0.141876E+00    0.603421E-01   -0.615259E+00    0.784191E-01    0.151809E+01    0.199980E+00    0.253858E+01
    0.192000E+02    0.155506E+00    0.588556E-01   -0.598891E+00    0.733660E-01    0.142771E+01    0.184940E+00    0.212889E+01
    0.193000E+02    0.168069E+00    0.587742E-01   -0.583996E+00    0.706415E-01    0.138185E+01    0.172155E+00    0.185398E+01
    0.194000E+02    0.179295E+00    0.592679E-01   -0.570971E+00    0.690721E-01    0.135815E+01    0.161600E+00    0.166206E+01
    0.195000E+02    0.189421E+00    0.597285E-01   -0.559526E+00    0.678002E-01    0.134001E+01    0.152756E+00    0.151412E+01
    0.196000E+02    0.198790E+00    0.599415E-01   -0.549211E+00    0.664851E-01    0.132076E+01    0.145103E+00    0.139041E+01
    0.197000E+02    0.207586E+00    0.598367E-01   -0.539770E+00    0.650074E-01    0.129799E+01    0.138347E+00    0.128206E+01
    0.198000E+02    0.215999E+00    0.592570E-01   -0.530970E+00    0.631697E-01    0.126770E+01    0.132245E+00    0.118120E+01
    0.199000E+02    0.224444E+00    0.581589E-01   -0.522349E+00    0.608802E-01    0.122793E+01    0.126445E+00    0.108188E+01
    0.200000E+02    0.233315E+00    0.569112E-01   -0.513446E+00    0.584839E-01    0.118552E+01    0.120657E+00    0.986763E+00
