#   omega (eV)      epsilon_1       epsilon_2       n               kappa           mu (cm^(-1))    R               epsinv   
    0.000000E+00    0.121363E+02    0.000000E+00    0.248372E+01    0.000000E+00    0.000000E+00    0.306852E+00   -0.000000E+00
    0.100000E+00    0.121422E+02    0.118754E-01    0.248457E+01    0.170400E-02    0.172708E-03    0.306946E+00    0.805473E-04
    0.200000E+00    0.121600E+02    0.238379E-01    0.248713E+01    0.341798E-02    0.692856E-03    0.307227E+00    0.161211E-03
    0.300000E+00    0.121899E+02    0.359761E-01    0.249140E+01    0.515210E-02    0.156657E-02    0.307698E+00    0.242110E-03
    0.400000E+00    0.122319E+02    0.483825E-01    0.249742E+01    0.691688E-02    0.280423E-02    0.308360E+00    0.323365E-03
    0.500000E+00    0.122865E+02    0.611548E-01    0.250522E+01    0.872339E-02    0.442078E-02    0.309217E+00    0.405101E-03
    0.600000E+00    0.123541E+02    0.743988E-01    0.251485E+01    0.105835E-01    0.643612E-02    0.310272E+00    0.487451E-03
    0.700000E+00    0.124351E+02    0.882303E-01    0.252637E+01    0.125101E-01    0.887569E-02    0.311530E+00    0.570555E-03
    0.800000E+00    0.125303E+02    0.102779E+00    0.253984E+01    0.145174E-01    0.117712E-01    0.312998E+00    0.654564E-03
    0.900000E+00    0.126404E+02    0.118190E+00    0.255537E+01    0.166213E-01    0.151618E-01    0.314682E+00    0.739643E-03
    0.100000E+01    0.127663E+02    0.134631E+00    0.257305E+01    0.188398E-01    0.190950E-01    0.316592E+00    0.825972E-03
    0.110000E+01    0.129092E+02    0.152297E+00    0.259300E+01    0.211935E-01    0.236286E-01    0.318737E+00    0.913756E-03
    0.120000E+01    0.130704E+02    0.171416E+00    0.261538E+01    0.237065E-01    0.288331E-01    0.321129E+00    0.100322E-02
    0.130000E+01    0.132515E+02    0.192260E+00    0.264035E+01    0.264068E-01    0.347938E-01    0.323781E+00    0.109464E-02
    0.140000E+01    0.134542E+02    0.215157E+00    0.266812E+01    0.293280E-01    0.416153E-01    0.326710E+00    0.118830E-02
    0.150000E+01    0.136810E+02    0.240506E+00    0.269892E+01    0.325103E-01    0.494260E-01    0.329933E+00    0.128457E-02
    0.160000E+01    0.139343E+02    0.268801E+00    0.273304E+01    0.360030E-01    0.583850E-01    0.333473E+00    0.138389E-02
    0.170000E+01    0.142173E+02    0.300658E+00    0.277080E+01    0.398666E-01    0.686913E-01    0.337355E+00    0.148676E-02
    0.180000E+01    0.145341E+02    0.336864E+00    0.281262E+01    0.441776E-01    0.805968E-01    0.341609E+00    0.159384E-02
    0.190000E+01    0.148893E+02    0.378433E+00    0.285897E+01    0.490329E-01    0.944245E-01    0.346270E+00    0.170594E-02
    0.200000E+01    0.152887E+02    0.426701E+00    0.291045E+01    0.545590E-01    0.110596E+00    0.351380E+00    0.182409E-02
    0.210000E+01    0.157397E+02    0.483463E+00    0.296780E+01    0.609233E-01    0.129672E+00    0.356992E+00    0.194966E-02
    0.220000E+01    0.162518E+02    0.551196E+00    0.303194E+01    0.683537E-01    0.152415E+00    0.363170E+00    0.208450E-02
    0.230000E+01    0.168371E+02    0.633410E+00    0.310403E+01    0.771692E-01    0.179893E+00    0.369994E+00    0.223118E-02
    0.240000E+01    0.175118E+02    0.735267E+00    0.318563E+01    0.878322E-01    0.213653E+00    0.377566E+00    0.239342E-02
    0.250000E+01    0.182979E+02    0.864678E+00    0.327880E+01    0.101042E+00    0.256027E+00    0.386023E+00    0.257680E-02
    0.260000E+01    0.192267E+02    0.103445E+01    0.338641E+01    0.117915E+00    0.310732E+00    0.395547E+00    0.279026E-02
    0.270000E+01    0.203438E+02    0.126677E+01    0.351259E+01    0.140360E+00    0.384105E+00    0.406401E+00    0.304898E-02
    0.280000E+01    0.217199E+02    0.160387E+01    0.366363E+01    0.171955E+00    0.487996E+00    0.418976E+00    0.338136E-02
    0.290000E+01    0.234700E+02    0.213688E+01    0.384959E+01    0.220315E+00    0.647569E+00    0.433893E+00    0.384742E-02
    0.300000E+01    0.257821E+02    0.310074E+01    0.408674E+01    0.304786E+00    0.926743E+00    0.452175E+00    0.459825E-02
    0.310000E+01    0.288207E+02    0.521740E+01    0.439026E+01    0.483966E+00    0.152062E+01    0.475013E+00    0.608194E-02
    0.320000E+01    0.313826E+02    0.100282E+02    0.467136E+01    0.884107E+00    0.286746E+01    0.499092E+00    0.923885E-02
    0.330000E+01    0.300107E+02    0.153836E+02    0.464511E+01    0.136256E+01    0.455736E+01    0.509271E+00    0.135264E-01
    0.340000E+01    0.280476E+02    0.183206E+02    0.454746E+01    0.165126E+01    0.569035E+01    0.513337E+00    0.163240E-01
    0.350000E+01    0.257488E+02    0.207891E+02    0.442413E+01    0.191635E+01    0.679808E+01    0.517231E+00    0.189822E-01
    0.360000E+01    0.236382E+02    0.218943E+02    0.428479E+01    0.207144E+01    0.755821E+01    0.517255E+00    0.210903E-01
    0.370000E+01    0.227350E+02    0.224621E+02    0.422947E+01    0.214764E+01    0.805392E+01    0.518228E+00    0.219910E-01
    0.380000E+01    0.228403E+02    0.236061E+02    0.427671E+01    0.223682E+01    0.861506E+01    0.524625E+00    0.218793E-01
    0.390000E+01    0.234655E+02    0.263810E+02    0.442091E+01    0.243327E+01    0.961828E+01    0.540103E+00    0.211626E-01
    0.400000E+01    0.234403E+02    0.305853E+02    0.456663E+01    0.274720E+01    0.111376E+02    0.560538E+00    0.205974E-01
    0.410000E+01    0.211653E+02    0.372484E+02    0.465717E+01    0.329215E+01    0.136806E+02    0.589734E+00    0.202943E-01
    0.420000E+01    0.146966E+02    0.432341E+02    0.449365E+01    0.393492E+01    0.167505E+02    0.618835E+00    0.207340E-01
    0.430000E+01    0.351076E+01    0.466210E+02    0.401317E+01    0.464985E+01    0.202652E+02    0.652944E+00    0.213286E-01
    0.440000E+01   -0.691200E+01    0.404526E+02    0.313079E+01    0.489647E+01    0.218363E+02    0.671511E+00    0.240190E-01
    0.450000E+01   -0.106948E+02    0.337988E+02    0.251822E+01    0.480340E+01    0.219081E+02    0.676389E+00    0.268941E-01
    0.460000E+01   -0.122769E+02    0.275237E+02    0.198837E+01    0.460513E+01    0.214706E+02    0.677928E+00    0.303032E-01
    0.470000E+01   -0.112279E+02    0.227060E+02    0.165542E+01    0.427541E+01    0.203666E+02    0.664309E+00    0.353881E-01
    0.480000E+01   -0.910479E+01    0.204068E+02    0.157304E+01    0.396552E+01    0.192923E+02    0.638769E+00    0.408679E-01
    0.490000E+01   -0.833734E+01    0.201032E+02    0.159096E+01    0.387949E+01    0.192670E+02    0.629140E+00    0.424431E-01
    0.500000E+01   -0.860951E+01    0.196228E+02    0.153169E+01    0.387543E+01    0.196396E+02    0.631644E+00    0.427346E-01
    0.510000E+01   -0.987981E+01    0.189728E+02    0.139909E+01    0.395417E+01    0.204394E+02    0.647053E+00    0.414635E-01
    0.520000E+01   -0.110359E+02    0.167773E+02    0.112669E+01    0.394445E+01    0.207890E+02    0.664227E+00    0.416034E-01
    0.530000E+01   -0.104059E+02    0.144931E+02    0.928208E+00    0.375818E+01    0.201882E+02    0.660203E+00    0.455280E-01
    0.540000E+01   -0.967824E+01    0.138047E+02    0.894880E+00    0.364264E+01    0.199367E+02    0.649893E+00    0.485674E-01
    0.550000E+01   -0.959691E+01    0.130837E+02    0.820596E+00    0.359325E+01    0.200306E+02    0.651014E+00    0.496942E-01
    0.560000E+01   -0.975980E+01    0.123202E+02    0.725936E+00    0.356913E+01    0.202578E+02    0.657712E+00    0.498711E-01
    0.570000E+01   -0.981136E+01    0.114889E+02    0.627398E+00    0.352984E+01    0.203926E+02    0.663813E+00    0.503330E-01
    0.580000E+01   -0.100409E+02    0.103692E+02    0.482079E+00    0.349820E+01    0.205644E+02    0.677777E+00    0.497707E-01
    0.590000E+01   -0.967354E+01    0.903718E+01    0.335025E+00    0.338465E+01    0.202399E+02    0.684171E+00    0.515679E-01
    0.600000E+01   -0.894385E+01    0.824137E+01    0.268480E+00    0.324852E+01    0.197552E+02    0.676798E+00    0.557178E-01
    0.610000E+01   -0.837345E+01    0.792163E+01    0.255656E+00    0.315438E+01    0.195024E+02    0.666007E+00    0.596208E-01
    0.620000E+01   -0.824507E+01    0.764244E+01    0.224168E+00    0.312148E+01    0.196154E+02    0.666680E+00    0.604680E-01
    0.630000E+01   -0.818548E+01    0.714107E+01    0.156971E+00    0.308611E+01    0.197058E+02    0.673554E+00    0.605191E-01
    0.640000E+01   -0.801750E+01    0.660423E+01    0.885322E-01    0.303355E+01    0.196777E+02    0.679002E+00    0.612091E-01
    0.650000E+01   -0.792238E+01    0.607888E+01    0.157395E-01    0.299234E+01    0.197137E+02    0.687880E+00    0.609614E-01
    0.660000E+01   -0.764194E+01    0.531971E+01   -0.864169E-01    0.291146E+01    0.194759E+02    0.698944E+00    0.613587E-01
    0.670000E+01   -0.703295E+01    0.483846E+01   -0.132929E+00    0.279012E+01    0.189470E+02    0.692275E+00    0.663957E-01
    0.680000E+01   -0.658165E+01    0.474996E+01   -0.123926E+00    0.271093E+01    0.186841E+02    0.677582E+00    0.720999E-01
    0.690000E+01   -0.642317E+01    0.453732E+01   -0.151191E+00    0.267276E+01    0.186919E+02    0.678534E+00    0.733668E-01
    0.700000E+01   -0.616756E+01    0.426998E+01   -0.183338E+00    0.261429E+01    0.185479E+02    0.677679E+00    0.758817E-01
    0.710000E+01   -0.592386E+01    0.407937E+01   -0.203530E+00    0.256090E+01    0.184287E+02    0.674430E+00    0.788536E-01
    0.720000E+01   -0.573639E+01    0.389274E+01   -0.226659E+00    0.251683E+01    0.183667E+02    0.673668E+00    0.809982E-01
    0.730000E+01   -0.556923E+01    0.365396E+01   -0.261190E+00    0.247287E+01    0.182965E+02    0.676618E+00    0.823562E-01
    0.740000E+01   -0.529741E+01    0.339667E+01   -0.294508E+00    0.240731E+01    0.180554E+02    0.675779E+00    0.857747E-01
    0.750000E+01   -0.497760E+01    0.331142E+01   -0.292588E+00    0.234052E+01    0.177917E+02    0.662868E+00    0.926479E-01
    0.760000E+01   -0.479555E+01    0.334134E+01   -0.275685E+00    0.230655E+01    0.177672E+02    0.650657E+00    0.978091E-01
    0.770000E+01   -0.479153E+01    0.329069E+01   -0.285451E+00    0.230263E+01    0.179704E+02    0.653207E+00    0.973939E-01
    0.780000E+01   -0.478320E+01    0.312961E+01   -0.317039E+00    0.229121E+01    0.181135E+02    0.661984E+00    0.957845E-01
    0.790000E+01   -0.465463E+01    0.287184E+01   -0.361780E+00    0.224988E+01    0.180148E+02    0.670414E+00    0.960061E-01
    0.800000E+01   -0.453582E+01    0.275823E+01   -0.378387E+00    0.221861E+01    0.179893E+02    0.670749E+00    0.978737E-01
    0.810000E+01   -0.442274E+01    0.252788E+01   -0.420581E+00    0.218139E+01    0.179086E+02    0.680454E+00    0.974105E-01
    0.820000E+01   -0.419542E+01    0.236075E+01   -0.443858E+00    0.212243E+01    0.176397E+02    0.678823E+00    0.101868E+00
    0.830000E+01   -0.397374E+01    0.232038E+01   -0.439703E+00    0.207067E+01    0.174194E+02    0.666599E+00    0.109582E+00
    0.840000E+01   -0.391305E+01    0.231273E+01   -0.437705E+00    0.205651E+01    0.175087E+02    0.662791E+00    0.111939E+00
    0.850000E+01   -0.381762E+01    0.219670E+01   -0.458294E+00    0.202758E+01    0.174678E+02    0.666022E+00    0.113234E+00
    0.860000E+01   -0.374077E+01    0.213419E+01   -0.468031E+00    0.200593E+01    0.174847E+02    0.665990E+00    0.115062E+00
    0.870000E+01   -0.369089E+01    0.203903E+01   -0.487271E+00    0.198841E+01    0.175335E+02    0.671440E+00    0.114679E+00
    0.880000E+01   -0.362858E+01    0.188489E+01   -0.520231E+00    0.196437E+01    0.175206E+02    0.682718E+00    0.112737E+00
    0.890000E+01   -0.348875E+01    0.174488E+01   -0.546118E+00    0.192218E+01    0.173391E+02    0.687438E+00    0.114674E+00
    0.900000E+01   -0.336713E+01    0.167206E+01   -0.557108E+00    0.188767E+01    0.172191E+02    0.686183E+00    0.118306E+00
    0.910000E+01   -0.324409E+01    0.157506E+01   -0.574475E+00    0.185072E+01    0.170697E+02    0.688104E+00    0.121113E+00
    0.920000E+01   -0.312731E+01    0.153336E+01   -0.578287E+00    0.181801E+01    0.169522E+02    0.683305E+00    0.126397E+00
    0.930000E+01   -0.305495E+01    0.147956E+01   -0.588036E+00    0.179573E+01    0.169265E+02    0.684216E+00    0.128414E+00
    0.940000E+01   -0.297037E+01    0.140594E+01   -0.602552E+00    0.176871E+01    0.168511E+02    0.687122E+00    0.130183E+00
    0.950000E+01   -0.288466E+01    0.133026E+01   -0.617933E+00    0.174087E+01    0.167623E+02    0.690680E+00    0.131828E+00
    0.960000E+01   -0.279817E+01    0.126237E+01   -0.631506E+00    0.171288E+01    0.166664E+02    0.693351E+00    0.133963E+00
    0.970000E+01   -0.269594E+01    0.119332E+01   -0.644825E+00    0.167991E+01    0.165158E+02    0.695036E+00    0.137288E+00
    0.980000E+01   -0.260357E+01    0.114654E+01   -0.652672E+00    0.165052E+01    0.163942E+02    0.693950E+00    0.141669E+00
    0.990000E+01   -0.250350E+01    0.109625E+01   -0.661254E+00    0.161810E+01    0.162362E+02    0.692782E+00    0.146768E+00
    0.100000E+02   -0.241512E+01    0.107963E+01   -0.660641E+00    0.159069E+01    0.161223E+02    0.686082E+00    0.154268E+00
    0.101000E+02   -0.235942E+01    0.104471E+01   -0.667627E+00    0.157159E+01    0.160881E+02    0.686818E+00    0.156903E+00
    0.102000E+02   -0.229189E+01    0.100450E+01   -0.675606E+00    0.154826E+01    0.160062E+02    0.687417E+00    0.160417E+00
    0.103000E+02   -0.222771E+01    0.959147E+00   -0.685589E+00    0.152531E+01    0.159235E+02    0.689796E+00    0.163046E+00
    0.104000E+02   -0.216287E+01    0.923019E+00   -0.692820E+00    0.150241E+01    0.158367E+02    0.690182E+00    0.166912E+00
    0.105000E+02   -0.210079E+01    0.876547E+00   -0.703745E+00    0.147938E+01    0.157439E+02    0.693701E+00    0.169163E+00
    0.106000E+02   -0.202466E+01    0.831380E+00   -0.713602E+00    0.145144E+01    0.155937E+02    0.695443E+00    0.173550E+00
    0.107000E+02   -0.194827E+01    0.800136E+00   -0.719015E+00    0.142381E+01    0.154411E+02    0.693595E+00    0.180374E+00
    0.108000E+02   -0.187384E+01    0.782947E+00   -0.719828E+00    0.139726E+01    0.152948E+02    0.687933E+00    0.189838E+00
    0.109000E+02   -0.182119E+01    0.769643E+00   -0.720760E+00    0.137810E+01    0.152248E+02    0.684084E+00    0.196885E+00
    0.110000E+02   -0.177120E+01    0.748006E+00   -0.724800E+00    0.135902E+01    0.151517E+02    0.683047E+00    0.202346E+00
    0.111000E+02   -0.172663E+01    0.720026E+00   -0.731565E+00    0.134115E+01    0.150885E+02    0.684900E+00    0.205739E+00
    0.112000E+02   -0.167473E+01    0.689548E+00   -0.738848E+00    0.132020E+01    0.149865E+02    0.686627E+00    0.210215E+00
    0.113000E+02   -0.162662E+01    0.656221E+00   -0.747630E+00    0.130012E+01    0.148903E+02    0.690224E+00    0.213300E+00
    0.114000E+02   -0.155850E+01    0.622950E+00   -0.755165E+00    0.127218E+01    0.146993E+02    0.690871E+00    0.221140E+00
    0.115000E+02   -0.149644E+01    0.613288E+00   -0.754239E+00    0.124773E+01    0.145433E+02    0.683783E+00    0.234486E+00
    0.116000E+02   -0.144173E+01    0.605255E+00   -0.753126E+00    0.122584E+01    0.144123E+02    0.677011E+00    0.247557E+00
    0.117000E+02   -0.140368E+01    0.602567E+00   -0.751134E+00    0.121062E+01    0.143562E+02    0.670951E+00    0.258237E+00
    0.118000E+02   -0.136574E+01    0.582873E+00   -0.755890E+00    0.119387E+01    0.142785E+02    0.671580E+00    0.264342E+00
    0.119000E+02   -0.132706E+01    0.574641E+00   -0.755999E+00    0.117754E+01    0.142025E+02    0.667362E+00    0.274778E+00
    0.120000E+02   -0.130057E+01    0.557262E+00   -0.760878E+00    0.116523E+01    0.141721E+02    0.669399E+00    0.278348E+00
    0.121000E+02   -0.126724E+01    0.528087E+00   -0.770184E+00    0.114893E+01    0.140904E+02    0.675458E+00    0.280188E+00
    0.122000E+02   -0.122406E+01    0.505871E+00   -0.775932E+00    0.112883E+01    0.139583E+02    0.676740E+00    0.288374E+00
    0.123000E+02   -0.118151E+01    0.484095E+00   -0.781680E+00    0.110868E+01    0.138215E+02    0.678170E+00    0.296933E+00
    0.124000E+02   -0.113690E+01    0.470151E+00   -0.783924E+00    0.108793E+01    0.136730E+02    0.675369E+00    0.310623E+00
    0.125000E+02   -0.109795E+01    0.459877E+00   -0.785035E+00    0.106966E+01    0.135518E+02    0.671847E+00    0.324545E+00
    0.126000E+02   -0.106514E+01    0.449023E+00   -0.786953E+00    0.105382E+01    0.134579E+02    0.669952E+00    0.336060E+00
    0.127000E+02   -0.103177E+01    0.430612E+00   -0.792331E+00    0.103677E+01    0.133454E+02    0.672105E+00    0.344495E+00
    0.128000E+02   -0.993813E+00    0.421914E+00   -0.792814E+00    0.101820E+01    0.132096E+02    0.667710E+00    0.361948E+00
    0.129000E+02   -0.965975E+00    0.407314E+00   -0.797068E+00    0.100357E+01    0.131214E+02    0.669250E+00    0.370618E+00
    0.130000E+02   -0.926654E+00    0.389268E+00   -0.801958E+00    0.982789E+00    0.129493E+02    0.670092E+00    0.385331E+00
    0.131000E+02   -0.891824E+00    0.383741E+00   -0.801184E+00    0.965066E+00    0.128136E+02    0.664235E+00    0.407106E+00
    0.132000E+02   -0.863108E+00    0.373457E+00   -0.803365E+00    0.949618E+00    0.127048E+02    0.662965E+00    0.422259E+00
    0.133000E+02   -0.827537E+00    0.359499E+00   -0.806720E+00    0.929997E+00    0.125365E+02    0.662218E+00    0.441614E+00
    0.134000E+02   -0.793204E+00    0.357327E+00   -0.804079E+00    0.911915E+00    0.123852E+02    0.653516E+00    0.472120E+00
    0.135000E+02   -0.766302E+00    0.352386E+00   -0.803608E+00    0.897146E+00    0.122755E+02    0.648707E+00    0.495345E+00
    0.136000E+02   -0.739836E+00    0.350320E+00   -0.801570E+00    0.882729E+00    0.121677E+02    0.641733E+00    0.522802E+00
    0.137000E+02   -0.724030E+00    0.343653E+00   -0.803256E+00    0.873349E+00    0.121270E+02    0.641458E+00    0.535021E+00
    0.138000E+02   -0.701812E+00    0.326118E+00   -0.810171E+00    0.858980E+00    0.120145E+02    0.647411E+00    0.544535E+00
    0.139000E+02   -0.672102E+00    0.313837E+00   -0.813369E+00    0.840793E+00    0.118453E+02    0.647038E+00    0.570389E+00
    0.140000E+02   -0.642431E+00    0.305691E+00   -0.814230E+00    0.822765E+00    0.116747E+02    0.643263E+00    0.603935E+00
    0.141000E+02   -0.618647E+00    0.300604E+00   -0.814035E+00    0.808227E+00    0.115504E+02    0.638858E+00    0.635409E+00
    0.142000E+02   -0.595497E+00    0.291069E+00   -0.816522E+00    0.793197E+00    0.114160E+02    0.638428E+00    0.662517E+00
    0.143000E+02   -0.566817E+00    0.282836E+00   -0.817451E+00    0.774688E+00    0.112281E+02    0.634640E+00    0.704839E+00
    0.144000E+02   -0.540557E+00    0.278378E+00   -0.816330E+00    0.757820E+00    0.110604E+02    0.628079E+00    0.752992E+00
    0.145000E+02   -0.517589E+00    0.279245E+00   -0.812219E+00    0.743539E+00    0.109274E+02    0.617490E+00    0.807357E+00
    0.146000E+02   -0.499040E+00    0.273678E+00   -0.812760E+00    0.730821E+00    0.108145E+02    0.614660E+00    0.844841E+00
    0.147000E+02   -0.478190E+00    0.270195E+00   -0.811512E+00    0.716741E+00    0.106788E+02    0.608585E+00    0.895660E+00
    0.148000E+02   -0.459991E+00    0.267127E+00   -0.810345E+00    0.704245E+00    0.105640E+02    0.603074E+00    0.944082E+00
    0.149000E+02   -0.442696E+00    0.261553E+00   -0.810934E+00    0.691695E+00    0.104459E+02    0.600350E+00    0.989269E+00
    0.150000E+02   -0.424520E+00    0.259199E+00   -0.809114E+00    0.678938E+00    0.103220E+02    0.593680E+00    0.104769E+01
    0.151000E+02   -0.413141E+00    0.254540E+00   -0.810108E+00    0.670224E+00    0.102575E+02    0.592734E+00    0.108096E+01
    0.152000E+02   -0.399601E+00    0.243600E+00   -0.815072E+00    0.658634E+00    0.101469E+02    0.597513E+00    0.111222E+01
    0.153000E+02   -0.379487E+00    0.234040E+00   -0.817837E+00    0.642394E+00    0.996176E+01    0.597470E+00    0.117735E+01
    0.154000E+02   -0.363854E+00    0.229054E+00   -0.818212E+00    0.630001E+00    0.983343E+01    0.594567E+00    0.123910E+01
    0.155000E+02   -0.346623E+00    0.218090E+00   -0.822656E+00    0.614877E+00    0.965970E+01    0.597907E+00    0.130039E+01
    0.156000E+02   -0.325680E+00    0.212934E+00   -0.821909E+00    0.597826E+00    0.945242E+01    0.591838E+00    0.140636E+01
    0.157000E+02   -0.311472E+00    0.210190E+00   -0.820714E+00    0.586187E+00    0.932780E+01    0.586501E+00    0.148865E+01
    0.158000E+02   -0.297816E+00    0.201086E+00   -0.824600E+00    0.573220E+00    0.917956E+01    0.589742E+00    0.155724E+01
    0.159000E+02   -0.278709E+00    0.192883E+00   -0.826457E+00    0.555722E+00    0.895566E+01    0.588281E+00    0.167895E+01
    0.160000E+02   -0.261425E+00    0.188596E+00   -0.825461E+00    0.540268E+00    0.876137E+01    0.582300E+00    0.181497E+01
    0.161000E+02   -0.246661E+00    0.184327E+00   -0.824979E+00    0.526586E+00    0.859288E+01    0.577746E+00    0.194401E+01
    0.162000E+02   -0.232801E+00    0.178147E+00   -0.826302E+00    0.512808E+00    0.842001E+01    0.576486E+00    0.207310E+01
    0.163000E+02   -0.216980E+00    0.170564E+00   -0.828224E+00    0.496474E+00    0.820215E+01    0.575744E+00    0.223919E+01
    0.164000E+02   -0.200150E+00    0.164430E+00   -0.828417E+00    0.479157E+00    0.796461E+01    0.571630E+00    0.245062E+01
    0.165000E+02   -0.183706E+00    0.161796E+00   -0.825227E+00    0.462873E+00    0.774087E+01    0.561517E+00    0.269993E+01
    0.166000E+02   -0.170947E+00    0.157653E+00   -0.824503E+00    0.449161E+00    0.755708E+01    0.556697E+00    0.291533E+01
    0.167000E+02   -0.158222E+00    0.152120E+00   -0.824978E+00    0.434574E+00    0.735570E+01    0.553951E+00    0.315767E+01
    0.168000E+02   -0.144401E+00    0.144893E+00   -0.826563E+00    0.417710E+00    0.711258E+01    0.552834E+00    0.346256E+01
    0.169000E+02   -0.128330E+00    0.139167E+00   -0.825395E+00    0.398518E+00    0.682618E+01    0.546042E+00    0.388345E+01
    0.170000E+02   -0.113538E+00    0.133452E+00   -0.824392E+00    0.379969E+00    0.654698E+01    0.539820E+00    0.434692E+01
    0.171000E+02   -0.966794E-01    0.130388E+00   -0.818836E+00    0.359861E+00    0.623697E+01    0.524706E+00    0.494870E+01
    0.172000E+02   -0.826025E-01    0.128293E+00   -0.812940E+00    0.342920E+00    0.597812E+01    0.509898E+00    0.551032E+01
    0.173000E+02   -0.703842E-01    0.126887E+00   -0.806717E+00    0.328242E+00    0.575550E+01    0.495235E+00    0.602667E+01
    0.174000E+02   -0.600454E-01    0.122819E+00   -0.804212E+00    0.313653E+00    0.553150E+01    0.487562E+00    0.657138E+01
    0.175000E+02   -0.477881E-01    0.117245E+00   -0.801479E+00    0.295294E+00    0.523765E+01    0.478828E+00    0.731408E+01
    0.176000E+02   -0.348976E-01    0.113594E+00   -0.795138E+00    0.277247E+00    0.494564E+01    0.463909E+00    0.804405E+01
    0.177000E+02   -0.228404E-01    0.108881E+00   -0.789749E+00    0.258932E+00    0.464518E+01    0.450954E+00    0.879719E+01
    0.178000E+02   -0.101943E-01    0.105124E+00   -0.781570E+00    0.240637E+00    0.434135E+01    0.433561E+00    0.942391E+01
    0.179000E+02    0.157214E-02    0.101815E+00   -0.772624E+00    0.223892E+00    0.406195E+01    0.415704E+00    0.981937E+01
    0.180000E+02    0.121113E-01    0.977412E-01   -0.764840E+00    0.207819E+00    0.379141E+01    0.400412E+00    0.100764E+02
    0.181000E+02    0.231871E-01    0.913480E-01   -0.757686E+00    0.188491E+00    0.345790E+01    0.386109E+00    0.102845E+02
    0.182000E+02    0.370550E-01    0.849391E-01   -0.745319E+00    0.166756E+00    0.307607E+01    0.364105E+00    0.989076E+01
    0.183000E+02    0.534464E-01    0.808621E-01   -0.725796E+00    0.147449E+00    0.273487E+01    0.333380E+00    0.860675E+01
    0.184000E+02    0.681859E-01    0.812268E-01   -0.704840E+00    0.137598E+00    0.256610E+01    0.304021E+00    0.722201E+01
    0.185000E+02    0.790769E-01    0.818007E-01   -0.689476E+00    0.131714E+00    0.246971E+01    0.284020E+00    0.631934E+01
    0.186000E+02    0.888347E-01    0.804501E-01   -0.676980E+00    0.124528E+00    0.234760E+01    0.268312E+00    0.560088E+01
    0.187000E+02    0.978328E-01    0.791529E-01   -0.665578E+00    0.118343E+00    0.224299E+01    0.254640E+00    0.499815E+01
    0.188000E+02    0.105783E+00    0.745373E-01   -0.657080E+00    0.108680E+00    0.207087E+01    0.244356E+00    0.445112E+01
    0.189000E+02    0.116667E+00    0.699534E-01   -0.644543E+00    0.983993E-01    0.188494E+01    0.230174E+00    0.378030E+01
    0.190000E+02    0.127582E+00    0.650294E-01   -0.632046E+00    0.883662E-01    0.170170E+01    0.216747E+00    0.317125E+01
    0.191000E+02    0.140467E+00    0.598676E-01   -0.617142E+00    0.781852E-01    0.151357E+01    0.201718E+00    0.256776E+01
    0.192000E+02    0.155940E+00    0.575414E-01   -0.598654E+00    0.716855E-01    0.139501E+01    0.184633E+00    0.208270E+01
    0.193000E+02    0.169336E+00    0.590651E-01   -0.582461E+00    0.707301E-01    0.138358E+01    0.170900E+00    0.183641E+01
    0.194000E+02    0.178999E+00    0.604013E-01   -0.571098E+00    0.704139E-01    0.138453E+01    0.161776E+00    0.169244E+01
    0.195000E+02    0.188630E+00    0.594085E-01   -0.560458E+00    0.675800E-01    0.133566E+01    0.153444E+00    0.151898E+01
    0.196000E+02    0.198911E+00    0.596128E-01   -0.549133E+00    0.661091E-01    0.131329E+01    0.145027E+00    0.138251E+01
    0.197000E+02    0.207693E+00    0.596823E-01   -0.539679E+00    0.648268E-01    0.129439E+01    0.138274E+00    0.127804E+01
    0.198000E+02    0.216330E+00    0.592296E-01   -0.530628E+00    0.630945E-01    0.126619E+01    0.132012E+00    0.117737E+01
    0.199000E+02    0.224524E+00    0.585224E-01   -0.522219E+00    0.612439E-01    0.123526E+01    0.126378E+00    0.108705E+01
    0.200000E+02    0.232851E+00    0.571270E-01   -0.513890E+00    0.587593E-01    0.119111E+01    0.120949E+00    0.993809E+00
