    1  0.00000000E+00  1.20707231E+01 -5.20362201E-07 -3.57140555E-09
    1  1.00000000E-01  1.20766071E+01  1.18044317E-02  8.09384340E-05
    1  2.00000000E-01  1.20943029E+01  2.36958758E-02  1.61997911E-04
    1  3.00000000E-01  1.21239402E+01  3.57620493E-02  2.43293804E-04
    1  4.00000000E-01  1.21657376E+01  4.80947397E-02  3.24948026E-04
    1  5.00000000E-01  1.22200075E+01  6.07912406E-02  4.07087073E-04
    1  6.00000000E-01  1.22871626E+01  7.39565382E-02  4.89843812E-04
    1  7.00000000E-01  1.23677245E+01  8.77058315E-02  5.73359519E-04
    1  8.00000000E-01  1.24623350E+01  1.02167513E-01  6.57786251E-04
    1  9.00000000E-01  1.25717713E+01  1.17486772E-01  7.43289677E-04
    1  1.00000000E+00  1.26969642E+01  1.33830042E-01  8.30052525E-04
    1  1.10000000E+00  1.28390218E+01  1.51390575E-01  9.18278854E-04
    1  1.20000000E+00  1.29992591E+01  1.70395556E-01  1.00819943E-03
    1  1.30000000E+00  1.31792352E+01  1.91115304E-01  1.10007863E-03
    1  1.40000000E+00  1.33808017E+01  2.13875374E-01  1.19422340E-03
    1  1.50000000E+00  1.36061632E+01  2.39072717E-01  1.29099513E-03
    1  1.60000000E+00  1.38579576E+01  2.67197612E-01  1.39082566E-03
    1  1.70000000E+00  1.41393595E+01  2.98863989E-01  1.49423921E-03
    1  1.80000000E+00  1.44542197E+01  3.34852179E-01  1.60188308E-03
    1  1.90000000E+00  1.48072518E+01  3.76170518E-01  1.71457163E-03
    1  2.00000000E+00  1.52042909E+01  4.24146379E-01  1.83335084E-03
    1  2.10000000E+00  1.56526558E+01  4.80564564E-01  1.95959580E-03
    1  2.20000000E+00  1.61616721E+01  5.47884736E-01  2.09516292E-03
    1  2.30000000E+00  1.67434472E+01  6.29596524E-01  2.24263672E-03
    1  2.40000000E+00  1.74140574E+01  7.30826673E-01  2.40574840E-03
    1  2.50000000E+00  1.81954388E+01  8.59436331E-01  2.59012547E-03
    1  2.60000000E+00  1.91185371E+01  1.02814408E+00  2.80472634E-03
    1  2.70000000E+00  2.02288265E+01  1.25900129E+00  3.06482570E-03
    1  2.80000000E+00  2.15964963E+01  1.59392940E+00  3.39893786E-03
    1  2.90000000E+00  2.33356898E+01  2.12342409E+00  3.86735720E-03
    1  3.00000000E+00  2.56332866E+01  3.08073054E+00  4.62186106E-03
    1  3.10000000E+00  2.86526921E+01  5.18244200E+00  6.11256346E-03
    1  3.20000000E+00  3.12011095E+01  9.95750293E+00  9.28299065E-03
    1  3.30000000E+00  2.98546453E+01  1.52789907E+01  1.35843752E-02
    1  3.40000000E+00  2.79056776E+01  1.82214555E+01  1.64046668E-02
    1  3.50000000E+00  2.56044509E+01  2.06788429E+01  1.90904691E-02
    1  3.60000000E+00  2.35004737E+01  2.17760516E+01  2.12145308E-02
    1  3.70000000E+00  2.25948042E+01  2.23331963E+01  2.21274808E-02
    1  3.80000000E+00  2.26992998E+01  2.34587045E+01  2.20151899E-02
    1  3.90000000E+00  2.33335254E+01  2.62087773E+01  2.12845288E-02
    1  4.00000000E+00  2.33151973E+01  3.03922830E+01  2.07132181E-02
    1  4.10000000E+00  2.10639598E+01  3.70203066E+01  2.04059305E-02
    1  4.20000000E+00  1.46379504E+01  4.29841897E+01  2.08467811E-02
    1  4.30000000E+00  3.51459106E+00  4.63682117E+01  2.14433021E-02
    1  4.40000000E+00 -6.87524390E+00  4.02486174E+01  2.41411530E-02
    1  4.50000000E+00 -1.06571239E+01  3.36085714E+01  2.70358710E-02
    1  4.60000000E+00 -1.22219384E+01  2.73458156E+01  3.04801026E-02
    1  4.70000000E+00 -1.11586427E+01  2.25461195E+01  3.56267292E-02
    1  4.80000000E+00 -9.03198794E+00  2.02700917E+01  4.11614393E-02
    1  4.90000000E+00 -8.26154251E+00  1.99799954E+01  4.27422276E-02
    1  5.00000000E+00 -8.53828040E+00  1.95122991E+01  4.30134933E-02
    1  5.10000000E+00 -9.80461096E+00  1.88709341E+01  4.17274626E-02
    1  5.20000000E+00 -1.09560868E+01  1.66959611E+01  4.18664489E-02
    1  5.30000000E+00 -1.03434720E+01  1.44264180E+01  4.57823175E-02
    1  5.40000000E+00 -9.63014281E+00  1.37330629E+01  4.88136262E-02
    1  5.50000000E+00 -9.54672591E+00  1.30073511E+01  4.99646342E-02
    1  5.60000000E+00 -9.70427935E+00  1.22426677E+01  5.01633649E-02
    1  5.70000000E+00 -9.75281980E+00  1.14164689E+01  5.06378532E-02
    1  5.80000000E+00 -9.97751914E+00  1.03013090E+01  5.00871125E-02
    1  5.90000000E+00 -9.60835363E+00  8.97827331E+00  5.19185858E-02
    1  6.00000000E+00 -8.88089480E+00  8.19088853E+00  5.61169866E-02
    1  6.10000000E+00 -8.31396330E+00  7.87612841E+00  6.00518876E-02
    1  6.20000000E+00 -8.18971102E+00  7.59909117E+00  6.08815906E-02
    1  6.30000000E+00 -8.12975731E+00  7.10092191E+00  6.09437254E-02
    1  6.40000000E+00 -7.96427928E+00  6.56707588E+00  6.16301447E-02
    1  6.50000000E+00 -7.87051357E+00  6.04529786E+00  6.13794336E-02
    1  6.60000000E+00 -7.59224808E+00  5.28877394E+00  6.17751003E-02
    1  6.70000000E+00 -6.98571295E+00  4.81072763E+00  6.68683336E-02
    1  6.80000000E+00 -6.53763620E+00  4.72276784E+00  7.26074508E-02
    1  6.90000000E+00 -6.37974666E+00  4.51086129E+00  7.38891473E-02
    1  7.00000000E+00 -6.12603973E+00  4.24542202E+00  7.64225275E-02
    1  7.10000000E+00 -5.88356987E+00  4.05509014E+00  7.94179043E-02
    1  7.20000000E+00 -5.69649343E+00  3.87067781E+00  8.16044608E-02
    1  7.30000000E+00 -5.53121624E+00  3.63271922E+00  8.29558369E-02
    1  7.40000000E+00 -5.26049097E+00  3.37699372E+00  8.64192881E-02
    1  7.50000000E+00 -4.94284554E+00  3.29270095E+00  9.33474553E-02
    1  7.60000000E+00 -4.76249758E+00  3.32183212E+00  9.85240498E-02
    1  7.70000000E+00 -4.75771422E+00  3.27125689E+00  9.81270122E-02
    1  7.80000000E+00 -4.74982745E+00  3.11133177E+00  9.65015976E-02
    1  7.90000000E+00 -4.62188287E+00  2.85466903E+00  9.67325799E-02
    1  8.00000000E+00 -4.50346372E+00  2.74175191E+00  9.86298848E-02
    1  8.10000000E+00 -4.39102554E+00  2.51280113E+00  9.81744148E-02
    1  8.20000000E+00 -4.16505958E+00  2.34669537E+00  1.02678894E-01
    1  8.30000000E+00 -3.94458435E+00  2.30639050E+00  1.10463638E-01
    1  8.40000000E+00 -3.88381102E+00  2.29881013E+00  1.12860953E-01
    1  8.50000000E+00 -3.78887517E+00  2.18393191E+00  1.14191720E-01
    1  8.60000000E+00 -3.71268407E+00  2.12205527E+00  1.16040840E-01
    1  8.70000000E+00 -3.66371060E+00  2.02725025E+00  1.15628009E-01
    1  8.80000000E+00 -3.60121258E+00  1.87354455E+00  1.13693536E-01
    1  8.90000000E+00 -3.46187041E+00  1.73486537E+00  1.15701622E-01
    1  9.00000000E+00 -3.34136805E+00  1.66289437E+00  1.19375403E-01
    1  9.10000000E+00 -3.21934911E+00  1.56639972E+00  1.22204877E-01
    1  9.20000000E+00 -3.10352738E+00  1.52480928E+00  1.27525196E-01
    1  9.30000000E+00 -3.03160706E+00  1.47102493E+00  1.29553720E-01
    1  9.40000000E+00 -2.94752629E+00  1.39776013E+00  1.31348131E-01
    1  9.50000000E+00 -2.86236393E+00  1.32230242E+00  1.33006856E-01
    1  9.60000000E+00 -2.77618833E+00  1.25469062E+00  1.35182314E-01
    1  9.70000000E+00 -2.67438486E+00  1.18600325E+00  1.38568972E-01
    1  9.80000000E+00 -2.58255490E+00  1.13954875E+00  1.43012764E-01
    1  9.90000000E+00 -2.48296914E+00  1.08940278E+00  1.48179072E-01
    1  1.00000000E+01 -2.39484595E+00  1.07296245E+00  1.55805840E-01
    1  1.01000000E+01 -2.33934056E+00  1.03848943E+00  1.58524418E-01
    1  1.02000000E+01 -2.27233955E+00  9.98733006E-01  1.62105807E-01
    1  1.03000000E+01 -2.20862218E+00  9.53551340E-01  1.64766979E-01
    1  1.04000000E+01 -2.14399240E+00  9.17801753E-01  1.68742607E-01
    1  1.05000000E+01 -2.08233054E+00  8.71837029E-01  1.71075895E-01
    1  1.06000000E+01 -2.00689943E+00  8.27003837E-01  1.75525773E-01
    1  1.07000000E+01 -1.93098631E+00  7.95892441E-01  1.82454045E-01
    1  1.08000000E+01 -1.85720716E+00  7.78711719E-01  1.92008513E-01
    1  1.09000000E+01 -1.80473951E+00  7.65322173E-01  1.99157289E-01
    1  1.10000000E+01 -1.75507697E+00  7.43753692E-01  2.04695448E-01
    1  1.11000000E+01 -1.71075482E+00  7.15717458E-01  2.08121923E-01
    1  1.12000000E+01 -1.65908856E+00  6.85353280E-01  2.12691771E-01
    1  1.13000000E+01 -1.61127239E+00  6.52184522E-01  2.15844834E-01
    1  1.14000000E+01 -1.54363414E+00  6.19033336E-01  2.23800220E-01
    1  1.15000000E+01 -1.48188563E+00  6.09314128E-01  2.37341293E-01
    1  1.16000000E+01 -1.42734431E+00  6.01381166E-01  2.50682958E-01
    1  1.17000000E+01 -1.38954237E+00  5.98964672E-01  2.61603841E-01
    1  1.18000000E+01 -1.35186066E+00  5.79381305E-01  2.67834063E-01
    1  1.19000000E+01 -1.31328178E+00  5.71296479E-01  2.78533289E-01
    1  1.20000000E+01 -1.28698600E+00  5.54092728E-01  2.82217761E-01
    1  1.21000000E+01 -1.25388735E+00  5.25085245E-01  2.84145031E-01
    1  1.22000000E+01 -1.21099956E+00  5.02957317E-01  2.92504455E-01
    1  1.23000000E+01 -1.16875068E+00  4.81295662E-01  3.01257218E-01
    1  1.24000000E+01 -1.12443450E+00  4.67408709E-01  3.15215262E-01
    1  1.25000000E+01 -1.08571514E+00  4.57315998E-01  3.29498497E-01
    1  1.26000000E+01 -1.05323088E+00  4.46580745E-01  3.41232237E-01
    1  1.27000000E+01 -1.02007577E+00  4.28197125E-01  3.49860736E-01
    1  1.28000000E+01 -9.82281341E-01  4.19520992E-01  3.67718793E-01
    1  1.29000000E+01 -9.54618650E-01  4.04864551E-01  3.76543904E-01
    1  1.30000000E+01 -9.15411690E-01  3.86873054E-01  3.91710950E-01
    1  1.31000000E+01 -8.80781161E-01  3.81374803E-01  4.13987858E-01
    1  1.32000000E+01 -8.52243826E-01  3.71106556E-01  4.29501784E-01
    1  1.33000000E+01 -8.16864275E-01  3.57253310E-01  4.49433364E-01
    1  1.34000000E+01 -7.82708510E-01  3.55087337E-01  4.80679440E-01
    1  1.35000000E+01 -7.55900640E-01  3.50203790E-01  5.04595710E-01
    1  1.36000000E+01 -7.29574400E-01  3.48236038E-01  5.32839967E-01
    1  1.37000000E+01 -7.13815152E-01  3.41688556E-01  5.45581597E-01
    1  1.38000000E+01 -6.91734563E-01  3.24324294E-01  5.55651475E-01
    1  1.39000000E+01 -6.62208944E-01  3.12137660E-01  5.82400053E-01
    1  1.40000000E+01 -6.32762687E-01  3.03995240E-01  6.16871300E-01
    1  1.41000000E+01 -6.09196894E-01  2.98920947E-01  6.49158400E-01
    1  1.42000000E+01 -5.86248523E-01  2.89431772E-01  6.77099778E-01
    1  1.43000000E+01 -5.57793669E-01  2.81221239E-01  7.20675114E-01
    1  1.44000000E+01 -5.31643619E-01  2.76833182E-01  7.70518784E-01
    1  1.45000000E+01 -5.08795853E-01  2.77667191E-01  8.26458611E-01
    1  1.46000000E+01 -4.90288281E-01  2.72082131E-01  8.65370118E-01
    1  1.47000000E+01 -4.69601348E-01  2.68616369E-01  9.17781209E-01
    1  1.48000000E+01 -4.51525853E-01  2.65543874E-01  9.67763771E-01
    1  1.49000000E+01 -4.34306113E-01  2.60033857E-01  1.01480823E+00
    1  1.50000000E+01 -4.16177792E-01  2.57700519E-01  1.07548409E+00
    1  1.51000000E+01 -4.04797377E-01  2.53025695E-01  1.11033199E+00
    1  1.52000000E+01 -3.91346009E-01  2.42101550E-01  1.14325649E+00
    1  1.53000000E+01 -3.71420650E-01  2.32559694E-01  1.21101307E+00
    1  1.54000000E+01 -3.55923281E-01  2.27626493E-01  1.27525273E+00
    1  1.55000000E+01 -3.38791809E-01  2.16788849E-01  1.34004496E+00
    1  1.56000000E+01 -3.17919542E-01  2.11677985E-01  1.45103782E+00
    1  1.57000000E+01 -3.03741298E-01  2.08923609E-01  1.53724460E+00
    1  1.58000000E+01 -2.90196921E-01  1.99874239E-01  1.60976045E+00
    1  1.59000000E+01 -2.71240313E-01  1.91722021E-01  1.73773573E+00
    1  1.60000000E+01 -2.54036478E-01  1.87522283E-01  1.88088167E+00
    1  1.61000000E+01 -2.39311724E-01  1.83343484E-01  2.01731437E+00
    1  1.62000000E+01 -2.25479596E-01  1.77191787E-01  2.15462238E+00
    1  1.63000000E+01 -2.09794361E-01  1.69614046E-01  2.33042032E+00
    1  1.64000000E+01 -1.93119801E-01  1.63500803E-01  2.55359202E+00
    1  1.65000000E+01 -1.76864601E-01  1.60898500E-01  2.81441574E+00
    1  1.66000000E+01 -1.64200491E-01  1.56784693E-01  3.04180895E+00
    1  1.67000000E+01 -1.51509235E-01  1.51267051E-01  3.30012464E+00
    1  1.68000000E+01 -1.37729051E-01  1.44035403E-01  3.62668085E+00
    1  1.69000000E+01 -1.21718538E-01  1.38287310E-01  4.07461022E+00
    1  1.70000000E+01 -1.07020133E-01  1.32583817E-01  4.56685151E+00
    1  1.71000000E+01 -9.02683345E-02  1.29556189E-01  5.19613614E+00
    1  1.72000000E+01 -7.62956403E-02  1.27529368E-01  5.77454057E+00
    1  1.73000000E+01 -6.41601412E-02  1.26131905E-01  6.29847614E+00
    1  1.74000000E+01 -5.38425336E-02  1.22071222E-01  6.85777907E+00
    1  1.75000000E+01 -4.16212976E-02  1.16508025E-01  7.61169358E+00
    1  1.76000000E+01 -2.88008933E-02  1.12889600E-01  8.31687897E+00
    1  1.77000000E+01 -1.68573331E-02  1.08228239E-01  9.02088320E+00
    1  1.78000000E+01 -4.28382754E-03  1.04524031E-01  9.55113482E+00
    1  1.79000000E+01  7.42934040E-03  1.01249088E-01  9.82373953E+00
    1  1.80000000E+01  1.79284763E-02  9.71890831E-02  9.95061012E+00
    1  1.81000000E+01  2.89280890E-02  9.08275894E-02  9.99589897E+00
    1  1.82000000E+01  4.26726303E-02  8.44610766E-02  9.43211572E+00
    1  1.83000000E+01  5.89755369E-02  8.04251379E-02  8.08592164E+00
    1  1.84000000E+01  7.36640574E-02  8.07903260E-02  6.75873409E+00
    1  1.85000000E+01  8.45079192E-02  8.13254902E-02  5.91224898E+00
    1  1.86000000E+01  9.42025559E-02  7.99409998E-02  5.23698981E+00
    1  1.87000000E+01  1.03089175E-01  7.86690876E-02  4.67817174E+00
    1  1.88000000E+01  1.10971753E-01  7.40860471E-02  4.16132571E+00
    1  1.89000000E+01  1.21805357E-01  6.95693523E-02  3.53566767E+00
    1  1.90000000E+01  1.32673689E-01  6.46752284E-02  2.96877005E+00
    1  1.91000000E+01  1.45496233E-01  5.95246828E-02  2.40870265E+00
    1  1.92000000E+01  1.60884462E-01  5.71963528E-02  1.96178686E+00
    1  1.93000000E+01  1.74201517E-01  5.87026078E-02  1.73716625E+00
    1  1.94000000E+01  1.83815678E-01  6.00230791E-02  1.60528260E+00
    1  1.95000000E+01  1.93374158E-01  5.90388875E-02  1.44422964E+00
    1  1.96000000E+01  2.03605547E-01  5.92387890E-02  1.31745824E+00
    1  1.97000000E+01  2.12333007E-01  5.93377626E-02  1.22078398E+00
    1  1.98000000E+01  2.20921672E-01  5.88730642E-02  1.12627387E+00
    1  1.99000000E+01  2.29085610E-01  5.81745057E-02  1.04135035E+00
    1  2.00000000E+01  2.37355534E-01  5.67918682E-02  9.53476167E-01
