#   omega (eV)      epsilon_1       epsilon_2       n               kappa           mu (cm^(-1))    R               epsinv   
    0.000000E+00    0.133039E+02    0.000000E+00    0.264744E+01    0.000000E+00    0.000000E+00    0.324508E+00   -0.000000E+00
    0.100000E+00    0.133120E+02    0.162979E-01    0.264856E+01    0.223347E-02    0.226372E-03    0.324626E+00    0.919699E-04
    0.200000E+00    0.133364E+02    0.327410E-01    0.265191E+01    0.448273E-02    0.908691E-03    0.324979E+00    0.184083E-03
    0.300000E+00    0.133774E+02    0.494782E-01    0.265751E+01    0.676392E-02    0.205666E-02    0.325570E+00    0.276483E-03
    0.400000E+00    0.134352E+02    0.666652E-01    0.266542E+01    0.909381E-02    0.368680E-02    0.326402E+00    0.369318E-03
    0.500000E+00    0.135105E+02    0.844690E-01    0.267568E+01    0.114903E-01    0.582295E-02    0.327479E+00    0.462742E-03
    0.600000E+00    0.136039E+02    0.103072E+00    0.268837E+01    0.139726E-01    0.849710E-02    0.328808E+00    0.556917E-03
    0.700000E+00    0.137163E+02    0.122677E+00    0.270359E+01    0.165619E-01    0.117504E-01    0.330395E+00    0.652013E-03
    0.800000E+00    0.138488E+02    0.143515E+00    0.272145E+01    0.192822E-01    0.156347E-01    0.332250E+00    0.748216E-03
    0.900000E+00    0.140028E+02    0.165852E+00    0.274210E+01    0.221603E-01    0.202144E-01    0.334383E+00    0.845725E-03
    0.100000E+01    0.141799E+02    0.189997E+00    0.276571E+01    0.252273E-01    0.255691E-01    0.336807E+00    0.944763E-03
    0.110000E+01    0.143821E+02    0.216320E+00    0.279248E+01    0.285197E-01    0.317966E-01    0.339539E+00    0.104558E-02
    0.120000E+01    0.146117E+02    0.245264E+00    0.282266E+01    0.320803E-01    0.390178E-01    0.342594E+00    0.114845E-02
    0.130000E+01    0.148715E+02    0.277367E+00    0.285653E+01    0.359607E-01    0.473821E-01    0.345995E+00    0.125370E-02
    0.140000E+01    0.151651E+02    0.313296E+00    0.289445E+01    0.402235E-01    0.570757E-01    0.349767E+00    0.136169E-02
    0.150000E+01    0.154965E+02    0.353886E+00    0.293682E+01    0.449457E-01    0.683318E-01    0.353937E+00    0.147288E-02
    0.160000E+01    0.158709E+02    0.400196E+00    0.298415E+01    0.502235E-01    0.814461E-01    0.358540E+00    0.158779E-02
    0.170000E+01    0.162945E+02    0.453592E+00    0.303704E+01    0.561788E-01    0.967977E-01    0.363617E+00    0.170705E-02
    0.180000E+01    0.167751E+02    0.515868E+00    0.309622E+01    0.629687E-01    0.114879E+00    0.369216E+00    0.183146E-02
    0.190000E+01    0.173224E+02    0.589422E+00    0.316262E+01    0.707994E-01    0.136341E+00    0.375396E+00    0.196204E-02
    0.200000E+01    0.179489E+02    0.677530E+00    0.323737E+01    0.799470E-01    0.162060E+00    0.382228E+00    0.210007E-02
    0.210000E+01    0.186709E+02    0.784783E+00    0.332193E+01    0.907908E-01    0.193243E+00    0.389799E+00    0.224727E-02
    0.220000E+01    0.195096E+02    0.917796E+00    0.341818E+01    0.103866E+00    0.231600E+00    0.398221E+00    0.240598E-02
    0.230000E+01    0.204940E+02    0.108643E+01    0.352862E+01    0.119952E+00    0.279627E+00    0.407637E+00    0.257948E-02
    0.240000E+01    0.216644E+02    0.130603E+01    0.365661E+01    0.140234E+00    0.341119E+00    0.418231E+00    0.277258E-02
    0.250000E+01    0.230787E+02    0.160162E+01    0.380691E+01    0.166595E+00    0.422130E+00    0.430258E+00    0.299262E-02
    0.260000E+01    0.248235E+02    0.201681E+01    0.398642E+01    0.202230E+00    0.532921E+00    0.444071E+00    0.325149E-02
    0.270000E+01    0.270349E+02    0.263397E+01    0.420566E+01    0.252991E+00    0.692329E+00    0.460193E+00    0.356991E-02
    0.280000E+01    0.299385E+02    0.362663E+01    0.448160E+01    0.330800E+00    0.938787E+00    0.479437E+00    0.398765E-02
    0.290000E+01    0.339233E+02    0.541920E+01    0.484281E+01    0.463749E+00    0.136309E+01    0.503153E+00    0.459191E-02
    0.300000E+01    0.395824E+02    0.927721E+01    0.533394E+01    0.732342E+00    0.222679E+01    0.533609E+00    0.561291E-02
    0.310000E+01    0.460845E+02    0.193228E+02    0.593023E+01    0.139409E+01    0.438023E+01    0.572419E+00    0.773792E-02
    0.320000E+01    0.415170E+02    0.372076E+02    0.597377E+01    0.266768E+01    0.865221E+01    0.605431E+00    0.119713E-01
    0.330000E+01    0.260667E+02    0.412207E+02    0.511710E+01    0.336930E+01    0.112693E+02    0.605382E+00    0.173297E-01
    0.340000E+01    0.197490E+02    0.388112E+02    0.462565E+01    0.344949E+01    0.118871E+02    0.596715E+00    0.204665E-01
    0.350000E+01    0.151891E+02    0.375382E+02    0.427655E+01    0.355708E+01    0.126184E+02    0.594485E+00    0.228916E-01
    0.360000E+01    0.127744E+02    0.359154E+02    0.404450E+01    0.355985E+01    0.129891E+02    0.589949E+00    0.247164E-01
    0.370000E+01    0.122036E+02    0.360774E+02    0.401444E+01    0.359735E+01    0.134905E+02    0.591612E+00    0.248722E-01
    0.380000E+01    0.111975E+02    0.390864E+02    0.409196E+01    0.383804E+01    0.147821E+02    0.607121E+00    0.236439E-01
    0.390000E+01    0.662677E+01    0.437571E+02    0.404395E+01    0.433759E+01    0.171457E+02    0.635447E+00    0.223410E-01
    0.400000E+01   -0.212557E+01    0.474647E+02    0.376375E+01    0.498186E+01    0.201974E+02    0.671690E+00    0.210261E-01
    0.410000E+01   -0.147850E+02    0.435467E+02    0.294988E+01    0.551240E+01    0.229070E+02    0.712149E+00    0.205903E-01
    0.420000E+01   -0.211995E+02    0.337993E+02    0.205762E+01    0.552707E+01    0.235281E+02    0.739848E+00    0.212332E-01
    0.430000E+01   -0.216035E+02    0.240229E+02    0.131350E+01    0.519189E+01    0.226275E+02    0.756056E+00    0.230147E-01
    0.440000E+01   -0.183897E+02    0.182897E+02    0.942501E+00    0.470776E+01    0.209947E+02    0.747902E+00    0.271887E-01
    0.450000E+01   -0.160401E+02    0.154189E+02    0.761974E+00    0.437546E+01    0.199563E+02    0.736755E+00    0.311475E-01
    0.460000E+01   -0.139559E+02    0.130174E+02    0.601351E+00    0.406451E+01    0.189500E+02    0.724940E+00    0.357405E-01
    0.470000E+01   -0.116509E+02    0.117883E+02    0.568975E+00    0.375667E+01    0.178955E+02    0.696995E+00    0.429122E-01
    0.480000E+01   -0.999568E+01    0.116719E+02    0.638804E+00    0.356109E+01    0.173248E+02    0.666310E+00    0.494265E-01
    0.490000E+01   -0.932383E+01    0.120860E+02    0.723466E+00    0.350630E+01    0.174136E+02    0.650261E+00    0.518701E-01
    0.500000E+01   -0.990864E+01    0.123128E+02    0.716974E+00    0.358562E+01    0.181709E+02    0.660653E+00    0.492933E-01
    0.510000E+01   -0.109196E+02    0.110504E+02    0.519180E+00    0.363696E+01    0.187998E+02    0.689548E+00    0.457860E-01
    0.520000E+01   -0.105290E+02    0.918069E+01    0.311566E+00    0.349989E+01    0.184460E+02    0.701791E+00    0.470452E-01
    0.530000E+01   -0.949892E+01    0.832683E+01    0.251600E+00    0.332647E+01    0.178691E+02    0.689720E+00    0.521844E-01
    0.540000E+01   -0.900540E+01    0.802696E+01    0.236559E+00    0.324569E+01    0.177641E+02    0.681641E+00    0.551570E-01
    0.550000E+01   -0.878329E+01    0.755988E+01    0.184358E+00    0.319155E+01    0.177913E+02    0.683272E+00    0.562918E-01
    0.560000E+01   -0.861060E+01    0.708880E+01    0.127515E+00    0.314355E+01    0.178423E+02    0.686980E+00    0.569869E-01
    0.570000E+01   -0.853136E+01    0.641762E+01    0.354493E-01    0.309895E+01    0.179033E+02    0.698703E+00    0.563097E-01
    0.580000E+01   -0.813850E+01    0.561321E+01   -0.651153E-01    0.300208E+01    0.176480E+02    0.706848E+00    0.574280E-01
    0.590000E+01   -0.751705E+01    0.508617E+01   -0.117100E+00    0.288038E+01    0.172244E+02    0.701770E+00    0.617439E-01
    0.600000E+01   -0.696513E+01    0.484137E+01   -0.128990E+00    0.277917E+01    0.169009E+02    0.689603E+00    0.672862E-01
    0.610000E+01   -0.659579E+01    0.474126E+01   -0.126140E+00    0.271283E+01    0.167724E+02    0.678455E+00    0.718546E-01
    0.620000E+01   -0.643606E+01    0.462418E+01   -0.137168E+00    0.267965E+01    0.168389E+02    0.675953E+00    0.736264E-01
    0.630000E+01   -0.635027E+01    0.435986E+01   -0.177623E+00    0.265077E+01    0.169261E+02    0.682100E+00    0.734796E-01
    0.640000E+01   -0.620834E+01    0.401008E+01   -0.231078E+00    0.260760E+01    0.169147E+02    0.690221E+00    0.734122E-01
    0.650000E+01   -0.598995E+01    0.362423E+01   -0.288983E+00    0.254863E+01    0.167905E+02    0.698181E+00    0.739419E-01
    0.660000E+01   -0.564124E+01    0.327861E+01   -0.335338E+00    0.246638E+01    0.164986E+02    0.699727E+00    0.770118E-01
    0.670000E+01   -0.525188E+01    0.311015E+01   -0.347378E+00    0.238281E+01    0.161811E+02    0.689559E+00    0.834821E-01
    0.680000E+01   -0.501084E+01    0.304757E+01   -0.346553E+00    0.233192E+01    0.160718E+02    0.680142E+00    0.886018E-01
    0.690000E+01   -0.486075E+01    0.288069E+01   -0.371712E+00    0.229249E+01    0.160324E+02    0.682154E+00    0.902322E-01
    0.700000E+01   -0.460628E+01    0.267617E+01   -0.399593E+00    0.222863E+01    0.158117E+02    0.680977E+00    0.942986E-01
    0.710000E+01   -0.432507E+01    0.259389E+01   -0.400754E+00    0.216429E+01    0.155746E+02    0.669005E+00    0.101983E+00
    0.720000E+01   -0.414835E+01    0.255365E+01   -0.398756E+00    0.212364E+01    0.154973E+02    0.660018E+00    0.107613E+00
    0.730000E+01   -0.398777E+01    0.244959E+01   -0.411667E+00    0.208180E+01    0.154030E+02    0.656784E+00    0.111839E+00
    0.740000E+01   -0.376668E+01    0.238634E+01   -0.411656E+00    0.202801E+01    0.152106E+02    0.645344E+00    0.120022E+00
    0.750000E+01   -0.360626E+01    0.242820E+01   -0.391191E+00    0.199422E+01    0.151592E+02    0.629068E+00    0.128468E+00
    0.760000E+01   -0.358567E+01    0.244376E+01   -0.386173E+00    0.199059E+01    0.153334E+02    0.626108E+00    0.129787E+00
    0.770000E+01   -0.358206E+01    0.233805E+01   -0.410290E+00    0.198238E+01    0.154711E+02    0.634685E+00    0.127779E+00
    0.780000E+01   -0.351098E+01    0.219855E+01   -0.438059E+00    0.195621E+01    0.154651E+02    0.641300E+00    0.128116E+00
    0.790000E+01   -0.341519E+01    0.207417E+01   -0.461240E+00    0.192495E+01    0.154131E+02    0.645158E+00    0.129914E+00
    0.800000E+01   -0.329944E+01    0.194903E+01   -0.483925E+00    0.188833E+01    0.153112E+02    0.647986E+00    0.132722E+00
    0.810000E+01   -0.314906E+01    0.185352E+01   -0.497509E+00    0.184433E+01    0.151414E+02    0.644822E+00    0.138818E+00
    0.820000E+01   -0.300876E+01    0.181730E+01   -0.496889E+00    0.180607E+01    0.150104E+02    0.635507E+00    0.147088E+00
    0.830000E+01   -0.292475E+01    0.180141E+01   -0.494901E+00    0.178322E+01    0.150012E+02    0.628958E+00    0.152672E+00
    0.840000E+01   -0.287327E+01    0.175454E+01   -0.503340E+00    0.176634E+01    0.150382E+02    0.629354E+00    0.154802E+00
    0.850000E+01   -0.281361E+01    0.168794E+01   -0.516535E+00    0.174567E+01    0.150392E+02    0.631507E+00    0.156791E+00
    0.860000E+01   -0.275480E+01    0.162416E+01   -0.529288E+00    0.172522E+01    0.150378E+02    0.633642E+00    0.158814E+00
    0.870000E+01   -0.270639E+01    0.154631E+01   -0.546899E+00    0.170637E+01    0.150465E+02    0.639193E+00    0.159157E+00
    0.880000E+01   -0.264162E+01    0.144658E+01   -0.569798E+00    0.168128E+01    0.149957E+02    0.646809E+00    0.159477E+00
    0.890000E+01   -0.254632E+01    0.135414E+01   -0.589101E+00    0.164777E+01    0.148638E+02    0.650729E+00    0.162807E+00
    0.900000E+01   -0.244214E+01    0.129000E+01   -0.600142E+00    0.161308E+01    0.147144E+02    0.649373E+00    0.169111E+00
    0.910000E+01   -0.235140E+01    0.124491E+01   -0.606798E+00    0.158304E+01    0.146008E+02    0.646323E+00    0.175863E+00
    0.920000E+01   -0.227514E+01    0.120177E+01   -0.614063E+00    0.155695E+01    0.145180E+02    0.644700E+00    0.181522E+00
    0.930000E+01   -0.220486E+01    0.115493E+01   -0.623058E+00    0.153198E+01    0.144404E+02    0.644639E+00    0.186421E+00
    0.940000E+01   -0.213561E+01    0.110506E+01   -0.633282E+00    0.150668E+01    0.143547E+02    0.645513E+00    0.191120E+00
    0.950000E+01   -0.206310E+01    0.105331E+01   -0.644100E+00    0.147979E+01    0.142484E+02    0.646595E+00    0.196298E+00
    0.960000E+01   -0.198371E+01    0.100552E+01   -0.653380E+00    0.145047E+01    0.141131E+02    0.646057E+00    0.203293E+00
    0.970000E+01   -0.190139E+01    0.969596E+00   -0.658717E+00    0.142051E+01    0.139656E+02    0.642346E+00    0.212846E+00
    0.980000E+01   -0.182600E+01    0.946226E+00   -0.660439E+00    0.139331E+01    0.138394E+02    0.636418E+00    0.223714E+00
    0.990000E+01   -0.176353E+01    0.927422E+00   -0.661626E+00    0.137041E+01    0.137508E+02    0.631126E+00    0.233599E+00
    0.100000E+02   -0.171106E+01    0.904485E+00   -0.665073E+00    0.135027E+01    0.136856E+02    0.628402E+00    0.241466E+00
    0.101000E+02   -0.166136E+01    0.874960E+00   -0.671125E+00    0.133023E+01    0.136173E+02    0.627909E+00    0.248168E+00
    0.102000E+02   -0.160935E+01    0.841858E+00   -0.678370E+00    0.130874E+01    0.135299E+02    0.628119E+00    0.255208E+00
    0.103000E+02   -0.155404E+01    0.809652E+00   -0.685146E+00    0.128576E+01    0.134227E+02    0.627613E+00    0.263682E+00
    0.104000E+02   -0.149777E+01    0.781258E+00   -0.690555E+00    0.126235E+01    0.133063E+02    0.625842E+00    0.273771E+00
    0.105000E+02   -0.144368E+01    0.756048E+00   -0.695050E+00    0.123963E+01    0.131924E+02    0.623468E+00    0.284676E+00
    0.106000E+02   -0.139178E+01    0.731123E+00   -0.699708E+00    0.121735E+01    0.130788E+02    0.621407E+00    0.295812E+00
    0.107000E+02   -0.133883E+01    0.706307E+00   -0.704292E+00    0.119427E+01    0.129517E+02    0.619072E+00    0.308252E+00
    0.108000E+02   -0.128401E+01    0.685854E+00   -0.707002E+00    0.117041E+01    0.128116E+02    0.614692E+00    0.323657E+00
    0.109000E+02   -0.123250E+01    0.672535E+00   -0.707126E+00    0.114816E+01    0.126845E+02    0.608169E+00    0.341152E+00
    0.110000E+02   -0.119025E+01    0.661539E+00   -0.707180E+00    0.112960E+01    0.125939E+02    0.602603E+00    0.356752E+00
    0.111000E+02   -0.115499E+01    0.643723E+00   -0.710800E+00    0.111294E+01    0.125209E+02    0.601195E+00    0.368182E+00
    0.112000E+02   -0.111620E+01    0.616956E+00   -0.717903E+00    0.109352E+01    0.124133E+02    0.602617E+00    0.379307E+00
    0.113000E+02   -0.106700E+01    0.589911E+00   -0.724124E+00    0.106916E+01    0.122452E+02    0.601762E+00    0.396851E+00
    0.114000E+02   -0.101109E+01    0.572361E+00   -0.725444E+00    0.104234E+01    0.120436E+02    0.594896E+00    0.424001E+00
    0.115000E+02   -0.957500E+00    0.566757E+00   -0.721465E+00    0.101739E+01    0.118585E+02    0.582677E+00    0.457793E+00
    0.116000E+02   -0.912925E+00    0.568489E+00   -0.714926E+00    0.997092E+00    0.117229E+02    0.568986E+00    0.491512E+00
    0.117000E+02   -0.878337E+00    0.570793E+00   -0.709161E+00    0.981287E+00    0.116366E+02    0.557523E+00    0.520189E+00
    0.118000E+02   -0.850556E+00    0.569434E+00   -0.705877E+00    0.968021E+00    0.115774E+02    0.549551E+00    0.543508E+00
    0.119000E+02   -0.826002E+00    0.563586E+00   -0.705083E+00    0.955499E+00    0.115245E+02    0.544492E+00    0.563638E+00
    0.120000E+02   -0.802415E+00    0.553960E+00   -0.706193E+00    0.942729E+00    0.114660E+02    0.541406E+00    0.582661E+00
    0.121000E+02   -0.778513E+00    0.541600E+00   -0.708572E+00    0.929217E+00    0.113958E+02    0.539468E+00    0.602170E+00
    0.122000E+02   -0.753785E+00    0.527625E+00   -0.711631E+00    0.914845E+00    0.113123E+02    0.538026E+00    0.623243E+00
    0.123000E+02   -0.728352E+00    0.512699E+00   -0.715084E+00    0.899738E+00    0.112167E+02    0.536823E+00    0.646240E+00
    0.124000E+02   -0.702163E+00    0.496823E+00   -0.718938E+00    0.883832E+00    0.111080E+02    0.535872E+00    0.671504E+00
    0.125000E+02   -0.674498E+00    0.480117E+00   -0.723028E+00    0.866725E+00    0.109808E+02    0.534866E+00    0.700430E+00
    0.126000E+02   -0.644621E+00    0.463517E+00   -0.726736E+00    0.848112E+00    0.108310E+02    0.532981E+00    0.735292E+00
    0.127000E+02   -0.612576E+00    0.448354E+00   -0.729307E+00    0.828161E+00    0.106601E+02    0.529335E+00    0.778027E+00
    0.128000E+02   -0.579070E+00    0.435601E+00   -0.730234E+00    0.807368E+00    0.104743E+02    0.523413E+00    0.829604E+00
    0.129000E+02   -0.544944E+00    0.425778E+00   -0.729248E+00    0.786289E+00    0.102805E+02    0.515012E+00    0.890282E+00
    0.130000E+02   -0.511097E+00    0.419226E+00   -0.726193E+00    0.765550E+00    0.100870E+02    0.504119E+00    0.959392E+00
    0.131000E+02   -0.478671E+00    0.416001E+00   -0.721156E+00    0.745939E+00    0.990417E+01    0.491130E+00    0.103436E+01
    0.132000E+02   -0.448851E+00    0.415568E+00   -0.714659E+00    0.728197E+00    0.974240E+01    0.477008E+00    0.111066E+01
    0.133000E+02   -0.422432E+00    0.416914E+00   -0.707521E+00    0.712725E+00    0.960764E+01    0.462966E+00    0.118352E+01
    0.134000E+02   -0.399829E+00    0.418902E+00   -0.700619E+00    0.699613E+00    0.950180E+01    0.450135E+00    0.124918E+01
    0.135000E+02   -0.381298E+00    0.420093E+00   -0.695013E+00    0.688706E+00    0.942347E+01    0.439698E+00    0.130518E+01
    0.136000E+02   -0.366284E+00    0.418325E+00   -0.691993E+00    0.679082E+00    0.936062E+01    0.432777E+00    0.135310E+01
    0.137000E+02   -0.352193E+00    0.411719E+00   -0.692094E+00    0.668580E+00    0.928362E+01    0.429174E+00    0.140254E+01
    0.138000E+02   -0.335112E+00    0.401081E+00   -0.693780E+00    0.654892E+00    0.915992E+01    0.426311E+00    0.146827E+01
    0.139000E+02   -0.313047E+00    0.390294E+00   -0.693993E+00    0.637721E+00    0.898439E+01    0.420535E+00    0.155913E+01
    0.140000E+02   -0.287850E+00    0.383224E+00   -0.690614E+00    0.619330E+00    0.878807E+01    0.410148E+00    0.166824E+01
    0.141000E+02   -0.263389E+00    0.380550E+00   -0.684231E+00    0.602577E+00    0.861143E+01    0.396912E+00    0.177668E+01
    0.142000E+02   -0.241948E+00    0.379677E+00   -0.677302E+00    0.588287E+00    0.846683E+01    0.384050E+00    0.187316E+01
    0.143000E+02   -0.222283E+00    0.377862E+00   -0.671282E+00    0.574750E+00    0.833026E+01    0.372625E+00    0.196609E+01
    0.144000E+02   -0.201635E+00    0.375438E+00   -0.664946E+00    0.560265E+00    0.817709E+01    0.360665E+00    0.206727E+01
    0.145000E+02   -0.179469E+00    0.375184E+00   -0.656176E+00    0.545604E+00    0.801842E+01    0.346201E+00    0.216904E+01
    0.146000E+02   -0.158190E+00    0.378828E+00   -0.644796E+00    0.533254E+00    0.789098E+01    0.330100E+00    0.224777E+01
    0.147000E+02   -0.140488E+00    0.385214E+00   -0.632886E+00    0.524652E+00    0.781686E+01    0.315169E+00    0.229121E+01
    0.148000E+02   -0.126828E+00    0.391870E+00   -0.622472E+00    0.518994E+00    0.778516E+01    0.303113E+00    0.230991E+01
    0.149000E+02   -0.116074E+00    0.397655E+00   -0.613881E+00    0.514938E+00    0.777651E+01    0.293627E+00    0.231730E+01
    0.150000E+02   -0.107998E+00    0.402655E+00   -0.607006E+00    0.512291E+00    0.778846E+01    0.286398E+00    0.231684E+01
    0.151000E+02   -0.103290E+00    0.405628E+00   -0.602960E+00    0.510814E+00    0.781778E+01    0.282236E+00    0.231519E+01
    0.152000E+02   -0.100457E+00    0.403844E+00   -0.602700E+00    0.508236E+00    0.782983E+01    0.281150E+00    0.233191E+01
    0.153000E+02   -0.949823E-01    0.397076E+00   -0.604212E+00    0.501628E+00    0.777887E+01    0.280338E+00    0.238211E+01
    0.154000E+02   -0.838634E-01    0.389809E+00   -0.603222E+00    0.491219E+00    0.766724E+01    0.276047E+00    0.245187E+01
    0.155000E+02   -0.695127E-01    0.387250E+00   -0.597553E+00    0.481119E+00    0.755837E+01    0.267724E+00    0.250170E+01
    0.156000E+02   -0.576877E-01    0.390098E+00   -0.589724E+00    0.475410E+00    0.751685E+01    0.259059E+00    0.250860E+01
    0.157000E+02   -0.519062E-01    0.393771E+00   -0.584506E+00    0.473858E+00    0.754035E+01    0.254105E+00    0.249617E+01
    0.158000E+02   -0.497700E-01    0.393188E+00   -0.583733E+00    0.472280E+00    0.756310E+01    0.252951E+00    0.250320E+01
    0.159000E+02   -0.461213E-01    0.388545E+00   -0.584578E+00    0.467651E+00    0.753637E+01    0.252204E+00    0.253794E+01
    0.160000E+02   -0.396450E-01    0.384117E+00   -0.583760E+00    0.461412E+00    0.748260E+01    0.249557E+00    0.257593E+01
    0.161000E+02   -0.335843E-01    0.381984E+00   -0.581746E+00    0.456641E+00    0.745151E+01    0.246377E+00    0.259783E+01
    0.162000E+02   -0.304649E-01    0.379648E+00   -0.581429E+00    0.453505E+00    0.744629E+01    0.245142E+00    0.261717E+01
    0.163000E+02   -0.283479E-01    0.374135E+00   -0.583551E+00    0.449197E+00    0.742109E+01    0.245599E+00    0.265757E+01
    0.164000E+02   -0.238289E-01    0.366784E+00   -0.585435E+00    0.442372E+00    0.735318E+01    0.245109E+00    0.271494E+01
    0.165000E+02   -0.175401E-01    0.361398E+00   -0.585100E+00    0.435525E+00    0.728350E+01    0.242753E+00    0.276053E+01
    0.166000E+02   -0.138263E-01    0.358306E+00   -0.584822E+00    0.431508E+00    0.726006E+01    0.241312E+00    0.278676E+01
    0.167000E+02   -0.146504E-01    0.352562E+00   -0.588773E+00    0.428670E+00    0.725576E+01    0.243832E+00    0.283149E+01
    0.168000E+02   -0.151840E-01    0.339736E+00   -0.596955E+00    0.421461E+00    0.717646E+01    0.248809E+00    0.293759E+01
    0.169000E+02   -0.851035E-02    0.322821E+00   -0.603501E+00    0.407089E+00    0.697300E+01    0.250450E+00    0.309554E+01
    0.170000E+02    0.604936E-02    0.309658E+00   -0.602655E+00    0.389659E+00    0.671393E+01    0.244737E+00    0.322814E+01
    0.171000E+02    0.224701E-01    0.305085E+00   -0.594795E+00    0.376458E+00    0.652463E+01    0.234134E+00    0.326009E+01
    0.172000E+02    0.333420E-01    0.307357E+00   -0.586175E+00    0.371361E+00    0.647393E+01    0.225341E+00    0.321571E+01
    0.173000E+02    0.354320E-01    0.309439E+00   -0.583531E+00    0.371503E+00    0.651405E+01    0.223150E+00    0.318984E+01
    0.174000E+02    0.327230E-01    0.304657E+00   -0.588216E+00    0.369923E+00    0.652385E+01    0.226688E+00    0.324494E+01
    0.175000E+02    0.324311E-01    0.292949E+00   -0.595544E+00    0.362152E+00    0.642350E+01    0.230944E+00    0.337223E+01
    0.176000E+02    0.376799E-01    0.279449E+00   -0.600214E+00    0.349498E+00    0.623449E+01    0.231753E+00    0.351458E+01
    0.177000E+02    0.464898E-01    0.268260E+00   -0.600783E+00    0.335982E+00    0.602745E+01    0.228824E+00    0.361904E+01
    0.178000E+02    0.556259E-01    0.259979E+00   -0.599070E+00    0.324220E+00    0.584930E+01    0.224403E+00    0.367808E+01
    0.179000E+02    0.632620E-01    0.253074E+00   -0.597431E+00    0.314324E+00    0.570261E+01    0.220583E+00    0.371902E+01
    0.180000E+02    0.692946E-01    0.245698E+00   -0.597149E+00    0.304950E+00    0.556345E+01    0.218139E+00    0.377015E+01
    0.181000E+02    0.747976E-01    0.236580E+00   -0.598179E+00    0.294385E+00    0.540054E+01    0.216634E+00    0.384279E+01
    0.182000E+02    0.815561E-01    0.225528E+00   -0.599140E+00    0.281305E+00    0.518911E+01    0.214593E+00    0.392125E+01
    0.183000E+02    0.911640E-01    0.213942E+00   -0.597682E+00    0.265887E+00    0.493163E+01    0.210054E+00    0.395588E+01
    0.184000E+02    0.103588E+00    0.204326E+00   -0.592157E+00    0.250496E+00    0.467156E+01    0.202173E+00    0.389344E+01
    0.185000E+02    0.116590E+00    0.198537E+00   -0.583569E+00    0.238380E+00    0.446976E+01    0.192612E+00    0.374527E+01
    0.186000E+02    0.126834E+00    0.196005E+00   -0.575561E+00    0.230899E+00    0.435290E+01    0.184689E+00    0.359611E+01
    0.187000E+02    0.132364E+00    0.193239E+00   -0.571871E+00    0.225678E+00    0.427734E+01    0.180804E+00    0.352231E+01
    0.188000E+02    0.135172E+00    0.186040E+00   -0.572722E+00    0.217703E+00    0.414826E+01    0.180092E+00    0.351800E+01
    0.189000E+02    0.140213E+00    0.173809E+00   -0.573663E+00    0.203840E+00    0.390477E+01    0.178536E+00    0.348530E+01
    0.190000E+02    0.150475E+00    0.160245E+00   -0.569712E+00    0.186207E+00    0.358586E+01    0.172681E+00    0.331625E+01
    0.191000E+02    0.164856E+00    0.149213E+00   -0.559993E+00    0.169558E+00    0.328243E+01    0.162837E+00    0.301794E+01
    0.192000E+02    0.180506E+00    0.141980E+00   -0.547143E+00    0.156760E+00    0.305057E+01    0.151702E+00    0.269204E+01
    0.193000E+02    0.195304E+00    0.137667E+00   -0.534033E+00    0.147722E+00    0.288966E+01    0.141423E+00    0.241117E+01
    0.194000E+02    0.208674E+00    0.134807E+00   -0.521929E+00    0.140991E+00    0.277227E+01    0.132583E+00    0.218426E+01
    0.195000E+02    0.221045E+00    0.132602E+00   -0.510708E+00    0.135504E+00    0.267813E+01    0.124839E+00    0.199569E+01
    0.196000E+02    0.232711E+00    0.131085E+00   -0.500099E+00    0.131111E+00    0.260459E+01    0.117910E+00    0.183753E+01
    0.197000E+02    0.243345E+00    0.130257E+00   -0.490412E+00    0.127807E+00    0.255190E+01    0.111903E+00    0.170978E+01
    0.198000E+02    0.252661E+00    0.129450E+00   -0.482046E+00    0.124963E+00    0.250778E+01    0.106899E+00    0.160619E+01
    0.199000E+02    0.261256E+00    0.127842E+00   -0.474589E+00    0.121659E+00    0.245381E+01    0.102506E+00    0.151117E+01
    0.200000E+02    0.270319E+00    0.125585E+00   -0.466903E+00    0.117788E+00    0.238767E+01    0.980739E-01    0.141355E+01
