#   omega (eV)      epsilon_1       epsilon_2       n               kappa           mu (cm^(-1))    R               epsinv   
    0.000000E+00    0.686323E+01    0.130587E+01    0.163150E+01    0.248122E+00    0.000000E+00    0.205546E+00    0.267546E-01
    0.100000E+00    0.699993E+01    0.137119E+01    0.165828E+01    0.257910E+00    0.261404E-01    0.209406E+00    0.269500E-01
    0.200000E+00    0.714301E+01    0.144166E+01    0.168608E+01    0.268357E+00    0.543985E-01    0.213401E+00    0.271494E-01
    0.300000E+00    0.729290E+01    0.151782E+01    0.171496E+01    0.279528E+00    0.849943E-01    0.217539E+00    0.273529E-01
    0.400000E+00    0.745005E+01    0.160030E+01    0.174500E+01    0.291494E+00    0.118177E+00    0.221828E+00    0.275609E-01
    0.500000E+00    0.761496E+01    0.168984E+01    0.177625E+01    0.304339E+00    0.154231E+00    0.226278E+00    0.277737E-01
    0.600000E+00    0.778818E+01    0.178727E+01    0.180881E+01    0.318155E+00    0.193479E+00    0.230898E+00    0.279917E-01
    0.700000E+00    0.797027E+01    0.189355E+01    0.184274E+01    0.333049E+00    0.236293E+00    0.235698E+00    0.282153E-01
    0.800000E+00    0.816184E+01    0.200978E+01    0.187815E+01    0.349144E+00    0.283099E+00    0.240691E+00    0.284450E-01
    0.900000E+00    0.836355E+01    0.213724E+01    0.191512E+01    0.366579E+00    0.334390E+00    0.245889E+00    0.286813E-01
    0.100000E+01    0.857609E+01    0.227744E+01    0.195376E+01    0.385516E+00    0.390738E+00    0.251305E+00    0.289250E-01
    0.110000E+01    0.880018E+01    0.243213E+01    0.199418E+01    0.406142E+00    0.452808E+00    0.256955E+00    0.291768E-01
    0.120000E+01    0.903656E+01    0.260335E+01    0.203650E+01    0.428677E+00    0.521381E+00    0.262855E+00    0.294375E-01
    0.130000E+01    0.928595E+01    0.279354E+01    0.208083E+01    0.453375E+00    0.597372E+00    0.269024E+00    0.297082E-01
    0.140000E+01    0.954907E+01    0.300556E+01    0.212730E+01    0.480537E+00    0.681864E+00    0.275480E+00    0.299902E-01
    0.150000E+01    0.982655E+01    0.324282E+01    0.217603E+01    0.510514E+00    0.776145E+00    0.282247E+00    0.302849E-01
    0.160000E+01    0.101189E+02    0.350939E+01    0.222715E+01    0.543728E+00    0.881749E+00    0.289348E+00    0.305942E-01
    0.170000E+01    0.104263E+02    0.381014E+01    0.228078E+01    0.580676E+00    0.100052E+01    0.296809E+00    0.309202E-01
    0.180000E+01    0.107487E+02    0.415091E+01    0.233699E+01    0.621955E+00    0.113468E+01    0.304660E+00    0.312654E-01
    0.190000E+01    0.110851E+02    0.453871E+01    0.239584E+01    0.668276E+00    0.128692E+01    0.312930E+00    0.316332E-01
    0.200000E+01    0.114338E+02    0.498194E+01    0.245730E+01    0.720495E+00    0.146051E+01    0.321654E+00    0.320274E-01
    0.210000E+01    0.117915E+02    0.549061E+01    0.252127E+01    0.779635E+00    0.165941E+01    0.330866E+00    0.324530E-01
    0.220000E+01    0.121525E+02    0.607652E+01    0.258745E+01    0.846915E+00    0.188845E+01    0.340601E+00    0.329159E-01
    0.230000E+01    0.125077E+02    0.675327E+01    0.265528E+01    0.923769E+00    0.215345E+01    0.350893E+00    0.334238E-01
    0.240000E+01    0.128432E+02    0.753592E+01    0.272384E+01    0.101185E+01    0.246133E+01    0.361769E+00    0.339859E-01
    0.250000E+01    0.131378E+02    0.843995E+01    0.279164E+01    0.111297E+01    0.282012E+01    0.373244E+00    0.346134E-01
    0.260000E+01    0.133613E+02    0.947891E+01    0.285639E+01    0.122899E+01    0.323865E+01    0.385312E+00    0.353198E-01
    0.270000E+01    0.134719E+02    0.106599E+02    0.291479E+01    0.136149E+01    0.372582E+01    0.397929E+00    0.361199E-01
    0.280000E+01    0.134164E+02    0.119765E+02    0.296237E+01    0.151128E+01    0.428889E+01    0.410999E+00    0.370288E-01
    0.290000E+01    0.131348E+02    0.133992E+02    0.299363E+01    0.167758E+01    0.493087E+01    0.424354E+00    0.380591E-01
    0.300000E+01    0.125729E+02    0.148682E+02    0.300277E+01    0.185724E+01    0.564719E+01    0.437755E+00    0.392156E-01
    0.310000E+01    0.117017E+02    0.162941E+02    0.298511E+01    0.204437E+01    0.642339E+01    0.450912E+00    0.404896E-01
    0.320000E+01    0.105362E+02    0.175755E+02    0.293877E+01    0.223109E+01    0.723619E+01    0.463551E+00    0.418554E-01
    0.330000E+01    0.913701E+01    0.186280E+02    0.286556E+01    0.240948E+01    0.805898E+01    0.475487E+00    0.432719E-01
    0.340000E+01    0.759055E+01    0.194071E+02    0.277023E+01    0.257373E+01    0.886921E+01    0.486680E+00    0.446909E-01
    0.350000E+01    0.598022E+01    0.199106E+02    0.265852E+01    0.272113E+01    0.965297E+01    0.497221E+00    0.460685E-01
    0.360000E+01    0.436756E+01    0.201622E+02    0.253535E+01    0.285151E+01    0.104045E+02    0.507277E+00    0.473747E-01
    0.370000E+01    0.279034E+01    0.201916E+02    0.240396E+01    0.296590E+01    0.111225E+02    0.517022E+00    0.485974E-01
    0.380000E+01    0.127151E+01    0.200232E+02    0.226611E+01    0.306529E+01    0.118059E+02    0.526577E+00    0.497416E-01
    0.390000E+01   -0.169952E+00    0.196737E+02    0.212286E+01    0.314995E+01    0.124512E+02    0.535982E+00    0.508255E-01
    0.400000E+01   -0.151232E+01    0.191575E+02    0.197530E+01    0.321943E+01    0.130522E+02    0.545196E+00    0.518756E-01
    0.410000E+01   -0.273071E+01    0.184934E+02    0.182517E+01    0.327296E+01    0.136009E+02    0.554112E+00    0.529196E-01
    0.420000E+01   -0.380170E+01    0.177085E+02    0.167491E+01    0.331011E+01    0.140908E+02    0.562598E+00    0.539820E-01
    0.430000E+01   -0.470943E+01    0.168384E+02    0.152736E+01    0.333122E+01    0.145183E+02    0.570529E+00    0.550796E-01
    0.440000E+01   -0.544977E+01    0.159219E+02    0.138526E+01    0.333755E+01    0.148841E+02    0.577816E+00    0.562201E-01
    0.450000E+01   -0.603066E+01    0.149955E+02    0.125078E+01    0.333117E+01    0.151933E+02    0.584425E+00    0.574026E-01
    0.460000E+01   -0.646931E+01    0.140888E+02    0.112530E+01    0.331455E+01    0.154534E+02    0.590377E+00    0.586187E-01
    0.470000E+01   -0.678786E+01    0.132222E+02    0.100934E+01    0.329019E+01    0.156733E+02    0.595736E+00    0.598555E-01
    0.480000E+01   -0.700927E+01    0.124072E+02    0.902757E+00    0.326033E+01    0.158616E+02    0.600592E+00    0.610985E-01
    0.490000E+01   -0.715440E+01    0.116482E+02    0.804922E+00    0.322679E+01    0.160254E+02    0.605044E+00    0.623345E-01
    0.500000E+01   -0.724055E+01    0.109447E+02    0.714992E+00    0.319089E+01    0.161705E+02    0.609184E+00    0.635537E-01
    0.510000E+01   -0.728117E+01    0.102936E+02    0.632074E+00    0.315354E+01    0.163009E+02    0.613084E+00    0.647503E-01
    0.520000E+01   -0.728628E+01    0.969089E+01    0.555348E+00    0.311535E+01    0.164192E+02    0.616796E+00    0.659230E-01
    0.530000E+01   -0.726330E+01    0.913228E+01    0.484117E+00    0.307667E+01    0.165272E+02    0.620351E+00    0.670731E-01
    0.540000E+01   -0.721782E+01    0.861395E+01    0.417811E+00    0.303776E+01    0.166261E+02    0.623769E+00    0.682039E-01
    0.550000E+01   -0.715416E+01    0.813253E+01    0.355964E+00    0.299880E+01    0.167168E+02    0.627056E+00    0.693192E-01
    0.560000E+01   -0.707580E+01    0.768506E+01    0.298190E+00    0.295992E+01    0.168001E+02    0.630218E+00    0.704230E-01
    0.570000E+01   -0.698564E+01    0.726894E+01    0.244158E+00    0.292123E+01    0.168765E+02    0.633257E+00    0.715189E-01
    0.580000E+01   -0.688609E+01    0.688180E+01    0.193583E+00    0.288283E+01    0.169469E+02    0.636173E+00    0.726102E-01
    0.590000E+01   -0.677921E+01    0.652151E+01    0.146208E+00    0.284482E+01    0.170118E+02    0.638967E+00    0.736996E-01
    0.600000E+01   -0.666677E+01    0.618610E+01    0.101801E+00    0.280726E+01    0.170717E+02    0.641641E+00    0.747893E-01
    0.610000E+01   -0.655028E+01    0.587372E+01    0.601491E-01    0.277023E+01    0.171273E+02    0.644198E+00    0.758813E-01
    0.620000E+01   -0.643100E+01    0.558267E+01    0.210530E-01    0.273378E+01    0.171790E+02    0.646640E+00    0.769768E-01
    0.630000E+01   -0.631002E+01    0.531134E+01   -0.156713E-01    0.269795E+01    0.172273E+02    0.648971E+00    0.780773E-01
    0.640000E+01   -0.618821E+01    0.505823E+01   -0.501930E-01    0.266277E+01    0.172726E+02    0.651194E+00    0.791838E-01
    0.650000E+01   -0.606631E+01    0.482200E+01   -0.826676E-01    0.262827E+01    0.173152E+02    0.653313E+00    0.802973E-01
    0.660000E+01   -0.594493E+01    0.460136E+01   -0.113237E+00    0.259447E+01    0.173555E+02    0.655330E+00    0.814188E-01
    0.670000E+01   -0.582458E+01    0.439517E+01   -0.142033E+00    0.256138E+01    0.173937E+02    0.657250E+00    0.825488E-01
    0.680000E+01   -0.570570E+01    0.420234E+01   -0.169178E+00    0.252903E+01    0.174303E+02    0.659076E+00    0.836874E-01
    0.690000E+01   -0.558866E+01    0.402189E+01   -0.194786E+00    0.249740E+01    0.174655E+02    0.660813E+00    0.848344E-01
    0.700000E+01   -0.547375E+01    0.385287E+01   -0.218969E+00    0.246653E+01    0.174996E+02    0.662469E+00    0.859891E-01
    0.710000E+01   -0.536122E+01    0.369440E+01   -0.241832E+00    0.243640E+01    0.175327E+02    0.664052E+00    0.871500E-01
    0.720000E+01   -0.525126E+01    0.354564E+01   -0.263478E+00    0.240702E+01    0.175653E+02    0.665568E+00    0.883157E-01
    0.730000E+01   -0.514401E+01    0.340581E+01   -0.284004E+00    0.237837E+01    0.175973E+02    0.667029E+00    0.894844E-01
    0.740000E+01   -0.503954E+01    0.327418E+01   -0.303501E+00    0.235046E+01    0.176290E+02    0.668443E+00    0.906542E-01
    0.750000E+01   -0.493789E+01    0.315007E+01   -0.322055E+00    0.232325E+01    0.176604E+02    0.669819E+00    0.918235E-01
    0.760000E+01   -0.483905E+01    0.303285E+01   -0.339746E+00    0.229673E+01    0.176916E+02    0.671165E+00    0.929907E-01
    0.770000E+01   -0.474297E+01    0.292196E+01   -0.356645E+00    0.227088E+01    0.177226E+02    0.672488E+00    0.941547E-01
    0.780000E+01   -0.464958E+01    0.281687E+01   -0.372815E+00    0.224565E+01    0.177533E+02    0.673794E+00    0.953148E-01
    0.790000E+01   -0.455879E+01    0.271714E+01   -0.388314E+00    0.222102E+01    0.177838E+02    0.675088E+00    0.964707E-01
    0.800000E+01   -0.447051E+01    0.262234E+01   -0.403192E+00    0.219697E+01    0.178139E+02    0.676373E+00    0.976223E-01
    0.810000E+01   -0.438462E+01    0.253212E+01   -0.417491E+00    0.217346E+01    0.178435E+02    0.677649E+00    0.987702E-01
    0.820000E+01   -0.430101E+01    0.244616E+01   -0.431248E+00    0.215046E+01    0.178727E+02    0.678920E+00    0.999149E-01
    0.830000E+01   -0.421959E+01    0.236416E+01   -0.444497E+00    0.212795E+01    0.179012E+02    0.680183E+00    0.101058E+00
    0.840000E+01   -0.414025E+01    0.228588E+01   -0.457267E+00    0.210590E+01    0.179292E+02    0.681440E+00    0.102199E+00
    0.850000E+01   -0.406289E+01    0.221109E+01   -0.469581E+00    0.208428E+01    0.179564E+02    0.682689E+00    0.103341E+00
    0.860000E+01   -0.398742E+01    0.213957E+01   -0.481462E+00    0.206308E+01    0.179828E+02    0.683927E+00    0.104485E+00
    0.870000E+01   -0.391377E+01    0.207115E+01   -0.492929E+00    0.204227E+01    0.180085E+02    0.685154E+00    0.105632E+00
    0.880000E+01   -0.384184E+01    0.200567E+01   -0.504000E+00    0.202185E+01    0.180332E+02    0.686367E+00    0.106784E+00
    0.890000E+01   -0.377158E+01    0.194297E+01   -0.514689E+00    0.200178E+01    0.180571E+02    0.687564E+00    0.107943E+00
    0.900000E+01   -0.370292E+01    0.188291E+01   -0.525009E+00    0.198205E+01    0.180801E+02    0.688742E+00    0.109110E+00
    0.910000E+01   -0.363580E+01    0.182538E+01   -0.534975E+00    0.196266E+01    0.181022E+02    0.689898E+00    0.110288E+00
    0.920000E+01   -0.357018E+01    0.177024E+01   -0.544597E+00    0.194360E+01    0.181233E+02    0.691031E+00    0.111477E+00
    0.930000E+01   -0.350600E+01    0.171740E+01   -0.553887E+00    0.192484E+01    0.181435E+02    0.692137E+00    0.112679E+00
    0.940000E+01   -0.344323E+01    0.166674E+01   -0.562854E+00    0.190639E+01    0.181628E+02    0.693215E+00    0.113896E+00
    0.950000E+01   -0.338182E+01    0.161818E+01   -0.571510E+00    0.188823E+01    0.181812E+02    0.694264E+00    0.115130E+00
    0.960000E+01   -0.332175E+01    0.157161E+01   -0.579865E+00    0.187036E+01    0.181987E+02    0.695281E+00    0.116381E+00
    0.970000E+01   -0.326299E+01    0.152696E+01   -0.587927E+00    0.185278E+01    0.182154E+02    0.696265E+00    0.117651E+00
    0.980000E+01   -0.320549E+01    0.148413E+01   -0.595708E+00    0.183547E+01    0.182312E+02    0.697215E+00    0.118941E+00
    0.990000E+01   -0.314925E+01    0.144305E+01   -0.603216E+00    0.181843E+01    0.182463E+02    0.698131E+00    0.120252E+00
    0.100000E+02   -0.309422E+01    0.140363E+01   -0.610462E+00    0.180166E+01    0.182606E+02    0.699011E+00    0.121585E+00
    0.101000E+02   -0.304039E+01    0.136580E+01   -0.617454E+00    0.178514E+01    0.182742E+02    0.699856E+00    0.122941E+00
    0.102000E+02   -0.298773E+01    0.132949E+01   -0.624201E+00    0.176888E+01    0.182870E+02    0.700664E+00    0.124320E+00
    0.103000E+02   -0.293621E+01    0.129463E+01   -0.630713E+00    0.175288E+01    0.182992E+02    0.701437E+00    0.125724E+00
    0.104000E+02   -0.288581E+01    0.126115E+01   -0.636998E+00    0.173712E+01    0.183107E+02    0.702174E+00    0.127153E+00
    0.105000E+02   -0.283650E+01    0.122900E+01   -0.643065E+00    0.172160E+01    0.183217E+02    0.702874E+00    0.128608E+00
    0.106000E+02   -0.278827E+01    0.119811E+01   -0.648921E+00    0.170632E+01    0.183320E+02    0.703539E+00    0.130089E+00
    0.107000E+02   -0.274108E+01    0.116842E+01   -0.654575E+00    0.169127E+01    0.183417E+02    0.704169E+00    0.131597E+00
    0.108000E+02   -0.269492E+01    0.113987E+01   -0.660035E+00    0.167645E+01    0.183510E+02    0.704764E+00    0.133133E+00
    0.109000E+02   -0.264977E+01    0.111243E+01   -0.665307E+00    0.166186E+01    0.183597E+02    0.705324E+00    0.134697E+00
    0.110000E+02   -0.260559E+01    0.108603E+01   -0.670400E+00    0.164749E+01    0.183679E+02    0.705849E+00    0.136289E+00
    0.111000E+02   -0.256237E+01    0.106063E+01   -0.675319E+00    0.163334E+01    0.183756E+02    0.706342E+00    0.137911E+00
    0.112000E+02   -0.252009E+01    0.103618E+01   -0.680073E+00    0.161939E+01    0.183829E+02    0.706801E+00    0.139562E+00
    0.113000E+02   -0.247872E+01    0.101264E+01   -0.684667E+00    0.160566E+01    0.183898E+02    0.707229E+00    0.141243E+00
    0.114000E+02   -0.243824E+01    0.989963E+00   -0.689108E+00    0.159214E+01    0.183962E+02    0.707625E+00    0.142954E+00
    0.115000E+02   -0.239864E+01    0.968118E+00   -0.693403E+00    0.157881E+01    0.184023E+02    0.707991E+00    0.144695E+00
    0.116000E+02   -0.235989E+01    0.947062E+00   -0.697556E+00    0.156568E+01    0.184079E+02    0.708328E+00    0.146468E+00
    0.117000E+02   -0.232197E+01    0.926760E+00   -0.701574E+00    0.155275E+01    0.184132E+02    0.708635E+00    0.148271E+00
    0.118000E+02   -0.228486E+01    0.907177E+00   -0.705463E+00    0.154001E+01    0.184182E+02    0.708915E+00    0.150106E+00
    0.119000E+02   -0.224855E+01    0.888280E+00   -0.709227E+00    0.152745E+01    0.184228E+02    0.709169E+00    0.151972E+00
    0.120000E+02   -0.221300E+01    0.870038E+00   -0.712872E+00    0.151507E+01    0.184272E+02    0.709396E+00    0.153871E+00
    0.121000E+02   -0.217821E+01    0.852422E+00   -0.716403E+00    0.150288E+01    0.184311E+02    0.709598E+00    0.155801E+00
    0.122000E+02   -0.214416E+01    0.835405E+00   -0.719824E+00    0.149086E+01    0.184348E+02    0.709775E+00    0.157763E+00
    0.123000E+02   -0.211081E+01    0.818958E+00   -0.723139E+00    0.147901E+01    0.184382E+02    0.709929E+00    0.159759E+00
    0.124000E+02   -0.207817E+01    0.803058E+00   -0.726354E+00    0.146733E+01    0.184413E+02    0.710061E+00    0.161787E+00
    0.125000E+02   -0.204620E+01    0.787681E+00   -0.729470E+00    0.145581E+01    0.184442E+02    0.710170E+00    0.163848E+00
    0.126000E+02   -0.201490E+01    0.772804E+00   -0.732494E+00    0.144446E+01    0.184467E+02    0.710258E+00    0.165943E+00
    0.127000E+02   -0.198425E+01    0.758406E+00   -0.735427E+00    0.143326E+01    0.184490E+02    0.710326E+00    0.168071E+00
    0.128000E+02   -0.195423E+01    0.744466E+00   -0.738274E+00    0.142223E+01    0.184511E+02    0.710375E+00    0.170233E+00
    0.129000E+02   -0.192482E+01    0.730965E+00   -0.741039E+00    0.141134E+01    0.184529E+02    0.710404E+00    0.172428E+00
    0.130000E+02   -0.189602E+01    0.717885E+00   -0.743723E+00    0.140060E+01    0.184545E+02    0.710416E+00    0.174658E+00
    0.131000E+02   -0.186780E+01    0.705206E+00   -0.746332E+00    0.139002E+01    0.184559E+02    0.710411E+00    0.176921E+00
    0.132000E+02   -0.184016E+01    0.692912E+00   -0.748868E+00    0.137957E+01    0.184571E+02    0.710390E+00    0.179218E+00
    0.133000E+02   -0.181308E+01    0.680986E+00   -0.751333E+00    0.136927E+01    0.184580E+02    0.710354E+00    0.181548E+00
    0.134000E+02   -0.178655E+01    0.669411E+00   -0.753733E+00    0.135912E+01    0.184588E+02    0.710306E+00    0.183911E+00
    0.135000E+02   -0.176055E+01    0.658173E+00   -0.756068E+00    0.134909E+01    0.184595E+02    0.710245E+00    0.186307E+00
    0.136000E+02   -0.173508E+01    0.647255E+00   -0.758344E+00    0.133921E+01    0.184599E+02    0.710174E+00    0.188735E+00
    0.137000E+02   -0.171012E+01    0.636643E+00   -0.760562E+00    0.132945E+01    0.184602E+02    0.710094E+00    0.191194E+00
    0.138000E+02   -0.168566E+01    0.626323E+00   -0.762726E+00    0.131983E+01    0.184604E+02    0.710006E+00    0.193684E+00
    0.139000E+02   -0.166169E+01    0.616280E+00   -0.764840E+00    0.131034E+01    0.184604E+02    0.709913E+00    0.196204E+00
    0.140000E+02   -0.163820E+01    0.606500E+00   -0.766905E+00    0.130097E+01    0.184603E+02    0.709815E+00    0.198753E+00
    0.141000E+02   -0.161517E+01    0.596972E+00   -0.768926E+00    0.129173E+01    0.184601E+02    0.709716E+00    0.201329E+00
    0.142000E+02   -0.159260E+01    0.587681E+00   -0.770904E+00    0.128261E+01    0.184598E+02    0.709616E+00    0.203932E+00
    0.143000E+02   -0.157047E+01    0.578616E+00   -0.772844E+00    0.127361E+01    0.184593E+02    0.709517E+00    0.206561E+00
    0.144000E+02   -0.154878E+01    0.569764E+00   -0.774747E+00    0.126472E+01    0.184587E+02    0.709422E+00    0.209215E+00
    0.145000E+02   -0.152751E+01    0.561114E+00   -0.776617E+00    0.125595E+01    0.184579E+02    0.709333E+00    0.211891E+00
    0.146000E+02   -0.150664E+01    0.552655E+00   -0.778457E+00    0.124729E+01    0.184571E+02    0.709251E+00    0.214590E+00
    0.147000E+02   -0.148618E+01    0.544377E+00   -0.780269E+00    0.123873E+01    0.184561E+02    0.709178E+00    0.217309E+00
    0.148000E+02   -0.146611E+01    0.536268E+00   -0.782056E+00    0.123029E+01    0.184549E+02    0.709116E+00    0.220048E+00
    0.149000E+02   -0.144641E+01    0.528320E+00   -0.783820E+00    0.122194E+01    0.184536E+02    0.709068E+00    0.222804E+00
    0.150000E+02   -0.142708E+01    0.520523E+00   -0.785564E+00    0.121370E+01    0.184521E+02    0.709034E+00    0.225578E+00
    0.151000E+02   -0.140811E+01    0.512868E+00   -0.787289E+00    0.120555E+01    0.184504E+02    0.709016E+00    0.228367E+00
    0.152000E+02   -0.138948E+01    0.505347E+00   -0.788999E+00    0.119750E+01    0.184485E+02    0.709017E+00    0.231171E+00
    0.153000E+02   -0.137118E+01    0.497952E+00   -0.790695E+00    0.118953E+01    0.184464E+02    0.709037E+00    0.233989E+00
    0.154000E+02   -0.135321E+01    0.490676E+00   -0.792378E+00    0.118166E+01    0.184441E+02    0.709078E+00    0.236819E+00
    0.155000E+02   -0.133555E+01    0.483513E+00   -0.794051E+00    0.117387E+01    0.184414E+02    0.709141E+00    0.239662E+00
    0.156000E+02   -0.131819E+01    0.476456E+00   -0.795715E+00    0.116616E+01    0.184385E+02    0.709227E+00    0.242516E+00
    0.157000E+02   -0.130112E+01    0.469499E+00   -0.797372E+00    0.115853E+01    0.184352E+02    0.709337E+00    0.245381E+00
    0.158000E+02   -0.128434E+01    0.462638E+00   -0.799022E+00    0.115097E+01    0.184316E+02    0.709472E+00    0.248256E+00
    0.159000E+02   -0.126782E+01    0.455868E+00   -0.800667E+00    0.114348E+01    0.184276E+02    0.709633E+00    0.251143E+00
    0.160000E+02   -0.125156E+01    0.449185E+00   -0.802307E+00    0.113606E+01    0.184233E+02    0.709820E+00    0.254040E+00
    0.161000E+02   -0.123555E+01    0.442585E+00   -0.803943E+00    0.112871E+01    0.184184E+02    0.710033E+00    0.256948E+00
    0.162000E+02   -0.121979E+01    0.436065E+00   -0.805575E+00    0.112142E+01    0.184131E+02    0.710272E+00    0.259867E+00
    0.163000E+02   -0.120425E+01    0.429622E+00   -0.807205E+00    0.111419E+01    0.184073E+02    0.710537E+00    0.262798E+00
    0.164000E+02   -0.118894E+01    0.423254E+00   -0.808831E+00    0.110702E+01    0.184010E+02    0.710829E+00    0.265742E+00
    0.165000E+02   -0.117384E+01    0.416960E+00   -0.810455E+00    0.109990E+01    0.183941E+02    0.711146E+00    0.268700E+00
    0.166000E+02   -0.115895E+01    0.410738E+00   -0.812075E+00    0.109283E+01    0.183866E+02    0.711488E+00    0.271674E+00
    0.167000E+02   -0.114426E+01    0.404586E+00   -0.813693E+00    0.108580E+01    0.183786E+02    0.711855E+00    0.274663E+00
    0.168000E+02   -0.112976E+01    0.398504E+00   -0.815307E+00    0.107883E+01    0.183698E+02    0.712246E+00    0.277671E+00
    0.169000E+02   -0.111544E+01    0.392491E+00   -0.816917E+00    0.107190E+01    0.183604E+02    0.712659E+00    0.280699E+00
    0.170000E+02   -0.110130E+01    0.386547E+00   -0.818523E+00    0.106501E+01    0.183503E+02    0.713094E+00    0.283749E+00
    0.171000E+02   -0.108733E+01    0.380672E+00   -0.820124E+00    0.105815E+01    0.183395E+02    0.713550E+00    0.286823E+00
    0.172000E+02   -0.107353E+01    0.374866E+00   -0.821720E+00    0.105134E+01    0.183280E+02    0.714026E+00    0.289923E+00
    0.173000E+02   -0.105988E+01    0.369129E+00   -0.823309E+00    0.104456E+01    0.183156E+02    0.714519E+00    0.293051E+00
    0.174000E+02   -0.104639E+01    0.363462E+00   -0.824890E+00    0.103781E+01    0.183025E+02    0.715030E+00    0.296211E+00
    0.175000E+02   -0.103305E+01    0.357864E+00   -0.826464E+00    0.103110E+01    0.182886E+02    0.715556E+00    0.299405E+00
    0.176000E+02   -0.101985E+01    0.352338E+00   -0.828029E+00    0.102441E+01    0.182739E+02    0.716096E+00    0.302635E+00
    0.177000E+02   -0.100679E+01    0.346883E+00   -0.829585E+00    0.101776E+01    0.182583E+02    0.716648E+00    0.305905E+00
    0.178000E+02   -0.993868E+00    0.341499E+00   -0.831130E+00    0.101113E+01    0.182419E+02    0.717212E+00    0.309218E+00
    0.179000E+02   -0.981079E+00    0.336189E+00   -0.832664E+00    0.100453E+01    0.182247E+02    0.717785E+00    0.312577E+00
    0.180000E+02   -0.968419E+00    0.330951E+00   -0.834185E+00    0.997955E+00    0.182065E+02    0.718366E+00    0.315985E+00
    0.181000E+02   -0.955886E+00    0.325788E+00   -0.835694E+00    0.991405E+00    0.181875E+02    0.718953E+00    0.319445E+00
    0.182000E+02   -0.943477E+00    0.320700E+00   -0.837188E+00    0.984878E+00    0.181676E+02    0.719546E+00    0.322961E+00
    0.183000E+02   -0.931190E+00    0.315687E+00   -0.838668E+00    0.978375E+00    0.181468E+02    0.720141E+00    0.326537E+00
    0.184000E+02   -0.919021E+00    0.310749E+00   -0.840132E+00    0.971895E+00    0.181251E+02    0.720739E+00    0.330175E+00
    0.185000E+02   -0.906970E+00    0.305888E+00   -0.841580E+00    0.965436E+00    0.181025E+02    0.721338E+00    0.333880E+00
    0.186000E+02   -0.895035E+00    0.301104E+00   -0.843011E+00    0.959000E+00    0.180790E+02    0.721935E+00    0.337655E+00
    0.187000E+02   -0.883214E+00    0.296397E+00   -0.844425E+00    0.952584E+00    0.180546E+02    0.722531E+00    0.341503E+00
    0.188000E+02   -0.871505E+00    0.291766E+00   -0.845821E+00    0.946190E+00    0.180293E+02    0.723123E+00    0.345429E+00
    0.189000E+02   -0.859907E+00    0.287213E+00   -0.847197E+00    0.939817E+00    0.180031E+02    0.723710E+00    0.349437E+00
    0.190000E+02   -0.848420E+00    0.282737E+00   -0.848555E+00    0.933464E+00    0.179761E+02    0.724292E+00    0.353529E+00
    0.191000E+02   -0.837042E+00    0.278338E+00   -0.849893E+00    0.927132E+00    0.179481E+02    0.724867E+00    0.357710E+00
    0.192000E+02   -0.825772E+00    0.274016E+00   -0.851211E+00    0.920821E+00    0.179192E+02    0.725435E+00    0.361983E+00
    0.193000E+02   -0.814610E+00    0.269770E+00   -0.852509E+00    0.914529E+00    0.178895E+02    0.725993E+00    0.366353E+00
    0.194000E+02   -0.803555E+00    0.265599E+00   -0.853786E+00    0.908258E+00    0.178589E+02    0.726542E+00    0.370823E+00
    0.195000E+02   -0.792605E+00    0.261505E+00   -0.855043E+00    0.902008E+00    0.178274E+02    0.727081E+00    0.375397E+00
    0.196000E+02   -0.781762E+00    0.257484E+00   -0.856279E+00    0.895778E+00    0.177951E+02    0.727609E+00    0.380079E+00
    0.197000E+02   -0.771023E+00    0.253538E+00   -0.857494E+00    0.889568E+00    0.177619E+02    0.728126E+00    0.384873E+00
    0.198000E+02   -0.760388E+00    0.249665E+00   -0.858688E+00    0.883378E+00    0.177278E+02    0.728630E+00    0.389783E+00
    0.199000E+02   -0.749857E+00    0.245863E+00   -0.859861E+00    0.877209E+00    0.176929E+02    0.729123E+00    0.394812E+00
    0.200000E+02   -0.739429E+00    0.242133E+00   -0.861013E+00    0.871061E+00    0.176572E+02    0.729602E+00    0.399966E+00
