#   omega (eV)      epsilon_1       epsilon_2       n               kappa           mu (cm^(-1))    R               epsinv   
    0.000000E+00    0.112223E+02    0.306668E+01    0.238053E+01    0.453579E+00    0.000000E+00    0.302796E+00    0.226585E-01
    0.100000E+00    0.112256E+02    0.307068E+01    0.238109E+01    0.454096E+00    0.460247E-01    0.302874E+00    0.226714E-01
    0.200000E+00    0.112356E+02    0.308273E+01    0.238279E+01    0.455650E+00    0.923643E-01    0.303109E+00    0.227101E-01
    0.300000E+00    0.112524E+02    0.310294E+01    0.238562E+01    0.458253E+00    0.139338E+00    0.303501E+00    0.227747E-01
    0.400000E+00    0.112759E+02    0.313147E+01    0.238958E+01    0.461925E+00    0.187273E+00    0.304052E+00    0.228655E-01
    0.500000E+00    0.113061E+02    0.316858E+01    0.239469E+01    0.466696E+00    0.236509E+00    0.304762E+00    0.229827E-01
    0.600000E+00    0.113431E+02    0.321461E+01    0.240095E+01    0.472604E+00    0.287403E+00    0.305635E+00    0.231266E-01
    0.700000E+00    0.113869E+02    0.326996E+01    0.240838E+01    0.479694E+00    0.340334E+00    0.306673E+00    0.232977E-01
    0.800000E+00    0.114376E+02    0.333515E+01    0.241698E+01    0.488026E+00    0.395710E+00    0.307879E+00    0.234966E-01
    0.900000E+00    0.114951E+02    0.341079E+01    0.242677E+01    0.497669E+00    0.453969E+00    0.309257E+00    0.237240E-01
    0.100000E+01    0.115593E+02    0.349759E+01    0.243775E+01    0.508704E+00    0.515594E+00    0.310810E+00    0.239805E-01
    0.110000E+01    0.116304E+02    0.359640E+01    0.244994E+01    0.521226E+00    0.581115E+00    0.312543E+00    0.242671E-01
    0.120000E+01    0.117082E+02    0.370819E+01    0.246335E+01    0.535347E+00    0.651119E+00    0.314462E+00    0.245849E-01
    0.130000E+01    0.117925E+02    0.383409E+01    0.247797E+01    0.551196E+00    0.726261E+00    0.316573E+00    0.249350E-01
    0.140000E+01    0.118831E+02    0.397540E+01    0.249382E+01    0.568919E+00    0.807275E+00    0.318880E+00    0.253190E-01
    0.150000E+01    0.119797E+02    0.413361E+01    0.251088E+01    0.588686E+00    0.894990E+00    0.321392E+00    0.257384E-01
    0.160000E+01    0.120818E+02    0.431041E+01    0.252913E+01    0.610691E+00    0.990341E+00    0.324114E+00    0.261952E-01
    0.170000E+01    0.121886E+02    0.450773E+01    0.254853E+01    0.635154E+00    0.109439E+01    0.327055E+00    0.266915E-01
    0.180000E+01    0.122992E+02    0.472771E+01    0.256902E+01    0.662326E+00    0.120834E+01    0.330221E+00    0.272298E-01
    0.190000E+01    0.124123E+02    0.497277E+01    0.259052E+01    0.692487E+00    0.133355E+01    0.333620E+00    0.278130E-01
    0.200000E+01    0.125259E+02    0.524557E+01    0.261288E+01    0.725954E+00    0.147158E+01    0.337259E+00    0.284445E-01
    0.210000E+01    0.126377E+02    0.554897E+01    0.263593E+01    0.763073E+00    0.162416E+01    0.341142E+00    0.291279E-01
    0.220000E+01    0.127446E+02    0.588598E+01    0.265942E+01    0.804223E+00    0.179326E+01    0.345274E+00    0.298676E-01
    0.230000E+01    0.128423E+02    0.625963E+01    0.268299E+01    0.849802E+00    0.198102E+01    0.349656E+00    0.306684E-01
    0.240000E+01    0.129256E+02    0.667278E+01    0.270621E+01    0.900216E+00    0.218978E+01    0.354285E+00    0.315353E-01
    0.250000E+01    0.129879E+02    0.712777E+01    0.272848E+01    0.955855E+00    0.242201E+01    0.359153E+00    0.324741E-01
    0.260000E+01    0.130212E+02    0.762602E+01    0.274908E+01    0.101705E+01    0.268015E+01    0.364244E+00    0.334903E-01
    0.270000E+01    0.130161E+02    0.816737E+01    0.276712E+01    0.108403E+01    0.296654E+01    0.369535E+00    0.345893E-01
    0.280000E+01    0.129619E+02    0.874948E+01    0.278156E+01    0.115686E+01    0.328309E+01    0.374991E+00    0.357758E-01
    0.290000E+01    0.128476E+02    0.936709E+01    0.279127E+01    0.123535E+01    0.363105E+01    0.380571E+00    0.370528E-01
    0.300000E+01    0.126626E+02    0.100116E+02    0.279506E+01    0.131903E+01    0.401070E+01    0.386222E+00    0.384212E-01
    0.310000E+01    0.123982E+02    0.106711E+02    0.279185E+01    0.140711E+01    0.442112E+01    0.391888E+00    0.398790E-01
    0.320000E+01    0.120484E+02    0.113308E+02    0.278073E+01    0.149850E+01    0.486016E+01    0.397514E+00    0.414212E-01
    0.330000E+01    0.116115E+02    0.119747E+02    0.276108E+01    0.159192E+01    0.532450E+01    0.403053E+00    0.430402E-01
    0.340000E+01    0.110900E+02    0.125864E+02    0.273264E+01    0.168600E+01    0.581004E+01    0.408467E+00    0.447268E-01
    0.350000E+01    0.104900E+02    0.131513E+02    0.269544E+01    0.177940E+01    0.631227E+01    0.413735E+00    0.464715E-01
    0.360000E+01    0.982045E+01    0.136570E+02    0.264977E+01    0.187094E+01    0.682660E+01    0.418844E+00    0.482657E-01
    0.370000E+01    0.909193E+01    0.140935E+02    0.259608E+01    0.195956E+01    0.734859E+01    0.423794E+00    0.501031E-01
    0.380000E+01    0.831593E+01    0.144535E+02    0.253490E+01    0.204440E+01    0.787394E+01    0.428585E+00    0.519802E-01
    0.390000E+01    0.750438E+01    0.147314E+02    0.246678E+01    0.212466E+01    0.839841E+01    0.433215E+00    0.538959E-01
    0.400000E+01    0.666959E+01    0.149238E+02    0.239234E+01    0.219963E+01    0.891771E+01    0.437680E+00    0.558519E-01
    0.410000E+01    0.582421E+01    0.150287E+02    0.231225E+01    0.226866E+01    0.942749E+01    0.441967E+00    0.578508E-01
    0.420000E+01    0.498119E+01    0.150464E+02    0.222728E+01    0.233113E+01    0.992336E+01    0.446057E+00    0.598965E-01
    0.430000E+01    0.415337E+01    0.149793E+02    0.213830E+01    0.238654E+01    0.104011E+02    0.449930E+00    0.619926E-01
    0.440000E+01    0.335293E+01    0.148325E+02    0.204628E+01    0.243452E+01    0.108570E+02    0.453565E+00    0.641419E-01
    0.450000E+01    0.259068E+01    0.146131E+02    0.195226E+01    0.247490E+01    0.112879E+02    0.456943E+00    0.663466E-01
    0.460000E+01    0.187545E+01    0.143302E+02    0.185726E+01    0.250769E+01    0.116916E+02    0.460052E+00    0.686075E-01
    0.470000E+01    0.121363E+01    0.139943E+02    0.176228E+01    0.253310E+01    0.120668E+02    0.462887E+00    0.709245E-01
    0.480000E+01    0.609106E+00    0.136159E+02    0.166821E+01    0.255151E+01    0.124132E+02    0.465449E+00    0.732967E-01
    0.490000E+01    0.633551E-01    0.132057E+02    0.157577E+01    0.256345E+01    0.127310E+02    0.467744E+00    0.757231E-01
    0.500000E+01   -0.424139E+00    0.127733E+02    0.148558E+01    0.256948E+01    0.130214E+02    0.469785E+00    0.782023E-01
    0.510000E+01   -0.855442E+00    0.123271E+02    0.139805E+01    0.257023E+01    0.132858E+02    0.471587E+00    0.807331E-01
    0.520000E+01   -0.123368E+01    0.118745E+02    0.131351E+01    0.256633E+01    0.135257E+02    0.473166E+00    0.833150E-01
    0.530000E+01   -0.156263E+01    0.114212E+02    0.123214E+01    0.255834E+01    0.137429E+02    0.474538E+00    0.859478E-01
    0.540000E+01   -0.184636E+01    0.109719E+02    0.115404E+01    0.254681E+01    0.139391E+02    0.475719E+00    0.886320E-01
    0.550000E+01   -0.208900E+01    0.105303E+02    0.107924E+01    0.253224E+01    0.141160E+02    0.476722E+00    0.913683E-01
    0.560000E+01   -0.229459E+01    0.100991E+02    0.100772E+01    0.251506E+01    0.142751E+02    0.477561E+00    0.941583E-01
    0.570000E+01   -0.246695E+01    0.968021E+01    0.939414E+00    0.249565E+01    0.144179E+02    0.478246E+00    0.970036E-01
    0.580000E+01   -0.260965E+01    0.927513E+01    0.874249E+00    0.247436E+01    0.145457E+02    0.478788E+00    0.999063E-01
    0.590000E+01   -0.272598E+01    0.888478E+01    0.812123E+00    0.245148E+01    0.146597E+02    0.479193E+00    0.102868E+00
    0.600000E+01   -0.281895E+01    0.850971E+01    0.752929E+00    0.242728E+01    0.147610E+02    0.479470E+00    0.105893E+00
    0.610000E+01   -0.289129E+01    0.815021E+01    0.696551E+00    0.240199E+01    0.148506E+02    0.479624E+00    0.108981E+00
    0.620000E+01   -0.294546E+01    0.780631E+01    0.642871E+00    0.237581E+01    0.149296E+02    0.479662E+00    0.112137E+00
    0.630000E+01   -0.298370E+01    0.747789E+01    0.591771E+00    0.234892E+01    0.149987E+02    0.479588E+00    0.115362E+00
    0.640000E+01   -0.300800E+01    0.716468E+01    0.543130E+00    0.232148E+01    0.150587E+02    0.479409E+00    0.118659E+00
    0.650000E+01   -0.302015E+01    0.686630E+01    0.496832E+00    0.229361E+01    0.151104E+02    0.479128E+00    0.122030E+00
    0.660000E+01   -0.302175E+01    0.658232E+01    0.452762E+00    0.226545E+01    0.151545E+02    0.478751E+00    0.125478E+00
    0.670000E+01   -0.301423E+01    0.631222E+01    0.410807E+00    0.223710E+01    0.151916E+02    0.478281E+00    0.129006E+00
    0.680000E+01   -0.299886E+01    0.605547E+01    0.370858E+00    0.220864E+01    0.152222E+02    0.477723E+00    0.132615E+00
    0.690000E+01   -0.297677E+01    0.581150E+01    0.332809E+00    0.218017E+01    0.152470E+02    0.477081E+00    0.136309E+00
    0.700000E+01   -0.294896E+01    0.557973E+01    0.296558E+00    0.215175E+01    0.152663E+02    0.476360E+00    0.140090E+00
    0.710000E+01   -0.291630E+01    0.535957E+01    0.262007E+00    0.212343E+01    0.152806E+02    0.475564E+00    0.143959E+00
    0.720000E+01   -0.287958E+01    0.515044E+01    0.229062E+00    0.209527E+01    0.152903E+02    0.474698E+00    0.147920E+00
    0.730000E+01   -0.283947E+01    0.495177E+01    0.197633E+00    0.206732E+01    0.152958E+02    0.473764E+00    0.151976E+00
    0.740000E+01   -0.279658E+01    0.476300E+01    0.167634E+00    0.203960E+01    0.152975E+02    0.472767E+00    0.156128E+00
    0.750000E+01   -0.275142E+01    0.458359E+01    0.138984E+00    0.201214E+01    0.152955E+02    0.471712E+00    0.160380E+00
    0.760000E+01   -0.270444E+01    0.441301E+01    0.111607E+00    0.198497E+01    0.152901E+02    0.470600E+00    0.164734E+00
    0.770000E+01   -0.265603E+01    0.425077E+01    0.854285E-01    0.195811E+01    0.152817E+02    0.469436E+00    0.169194E+00
    0.780000E+01   -0.260654E+01    0.409639E+01    0.603816E-01    0.193157E+01    0.152703E+02    0.468222E+00    0.173764E+00
    0.790000E+01   -0.255624E+01    0.394942E+01    0.364021E-01    0.190535E+01    0.152562E+02    0.466960E+00    0.178446E+00
    0.800000E+01   -0.250538E+01    0.380943E+01    0.134303E-01    0.187947E+01    0.152395E+02    0.465654E+00    0.183245E+00
    0.810000E+01   -0.245419E+01    0.367603E+01   -0.858946E-02    0.185394E+01    0.152203E+02    0.464305E+00    0.188165E+00
    0.820000E+01   -0.240283E+01    0.354882E+01   -0.297090E-01    0.182874E+01    0.151988E+02    0.462915E+00    0.193210E+00
    0.830000E+01   -0.235147E+01    0.342747E+01   -0.499766E-01    0.180389E+01    0.151751E+02    0.461484E+00    0.198384E+00
    0.840000E+01   -0.230022E+01    0.331164E+01   -0.694367E-01    0.177937E+01    0.151492E+02    0.460014E+00    0.203693E+00
    0.850000E+01   -0.224920E+01    0.320102E+01   -0.881309E-01    0.175520E+01    0.151213E+02    0.458506E+00    0.209143E+00
    0.860000E+01   -0.219851E+01    0.309532E+01   -0.106098E+00    0.173135E+01    0.150913E+02    0.456961E+00    0.214737E+00
    0.870000E+01   -0.214822E+01    0.299427E+01   -0.123373E+00    0.170783E+01    0.150594E+02    0.455378E+00    0.220483E+00
    0.880000E+01   -0.209840E+01    0.289762E+01   -0.139989E+00    0.168464E+01    0.150257E+02    0.453758E+00    0.226386E+00
    0.890000E+01   -0.204910E+01    0.280514E+01   -0.155977E+00    0.166177E+01    0.149901E+02    0.452102E+00    0.232452E+00
    0.900000E+01   -0.200037E+01    0.271660E+01   -0.171367E+00    0.163921E+01    0.149527E+02    0.450408E+00    0.238688E+00
    0.910000E+01   -0.195224E+01    0.263181E+01   -0.186184E+00    0.161695E+01    0.149136E+02    0.448678E+00    0.245101E+00
    0.920000E+01   -0.190475E+01    0.255056E+01   -0.200453E+00    0.159500E+01    0.148728E+02    0.446910E+00    0.251698E+00
    0.930000E+01   -0.185793E+01    0.247267E+01   -0.214198E+00    0.157334E+01    0.148303E+02    0.445104E+00    0.258485E+00
    0.940000E+01   -0.181179E+01    0.239799E+01   -0.227442E+00    0.155198E+01    0.147862E+02    0.443261E+00    0.265472E+00
    0.950000E+01   -0.176635E+01    0.232634E+01   -0.240203E+00    0.153090E+01    0.147405E+02    0.441380E+00    0.272665E+00
    0.960000E+01   -0.172163E+01    0.225758E+01   -0.252503E+00    0.151009E+01    0.146933E+02    0.439460E+00    0.280074E+00
    0.970000E+01   -0.167763E+01    0.219157E+01   -0.264358E+00    0.148956E+01    0.146445E+02    0.437502E+00    0.287705E+00
    0.980000E+01   -0.163436E+01    0.212818E+01   -0.275786E+00    0.146930E+01    0.145942E+02    0.435505E+00    0.295569E+00
    0.990000E+01   -0.159183E+01    0.206727E+01   -0.286804E+00    0.144930E+01    0.145425E+02    0.433468E+00    0.303674E+00
    0.100000E+02   -0.155004E+01    0.200875E+01   -0.297427E+00    0.142956E+01    0.144893E+02    0.431392E+00    0.312029E+00
    0.101000E+02   -0.150900E+01    0.195248E+01   -0.307670E+00    0.141008E+01    0.144347E+02    0.429276E+00    0.320644E+00
    0.102000E+02   -0.146869E+01    0.189837E+01   -0.317546E+00    0.139084E+01    0.143787E+02    0.427121E+00    0.329530E+00
    0.103000E+02   -0.142912E+01    0.184631E+01   -0.327069E+00    0.137184E+01    0.143214E+02    0.424925E+00    0.338696E+00
    0.104000E+02   -0.139028E+01    0.179622E+01   -0.336251E+00    0.135309E+01    0.142627E+02    0.422689E+00    0.348153E+00
    0.105000E+02   -0.135217E+01    0.174800E+01   -0.345105E+00    0.133456E+01    0.142027E+02    0.420413E+00    0.357913E+00
    0.106000E+02   -0.131479E+01    0.170156E+01   -0.353642E+00    0.131627E+01    0.141415E+02    0.418096E+00    0.367987E+00
    0.107000E+02   -0.127812E+01    0.165683E+01   -0.361873E+00    0.129820E+01    0.140789E+02    0.415739E+00    0.378386E+00
    0.108000E+02   -0.124216E+01    0.161374E+01   -0.369807E+00    0.128035E+01    0.140151E+02    0.413342E+00    0.389124E+00
    0.109000E+02   -0.120690E+01    0.157219E+01   -0.377457E+00    0.126272E+01    0.139501E+02    0.410903E+00    0.400213E+00
    0.110000E+02   -0.117233E+01    0.153214E+01   -0.384829E+00    0.124530E+01    0.138838E+02    0.408424E+00    0.411665E+00
    0.111000E+02   -0.113844E+01    0.149351E+01   -0.391935E+00    0.122808E+01    0.138164E+02    0.405905E+00    0.423496E+00
    0.112000E+02   -0.110523E+01    0.145624E+01   -0.398781E+00    0.121107E+01    0.137477E+02    0.403345E+00    0.435718E+00
    0.113000E+02   -0.107268E+01    0.142026E+01   -0.405377E+00    0.119426E+01    0.136779E+02    0.400744E+00    0.448346E+00
    0.114000E+02   -0.104077E+01    0.138554E+01   -0.411731E+00    0.117764E+01    0.136069E+02    0.398103E+00    0.461397E+00
    0.115000E+02   -0.100951E+01    0.135200E+01   -0.417849E+00    0.116121E+01    0.135348E+02    0.395421E+00    0.474884E+00
    0.116000E+02   -0.978874E+00    0.131960E+01   -0.423738E+00    0.114497E+01    0.134615E+02    0.392698E+00    0.488824E+00
    0.117000E+02   -0.948855E+00    0.128830E+01   -0.429406E+00    0.112891E+01    0.133871E+02    0.389935E+00    0.503234E+00
    0.118000E+02   -0.919441E+00    0.125803E+01   -0.434859E+00    0.111303E+01    0.133116E+02    0.387131E+00    0.518131E+00
    0.119000E+02   -0.890621E+00    0.122877E+01   -0.440102E+00    0.109732E+01    0.132350E+02    0.384286E+00    0.533533E+00
    0.120000E+02   -0.862383E+00    0.120047E+01   -0.445142E+00    0.108178E+01    0.131572E+02    0.381401E+00    0.549456E+00
    0.121000E+02   -0.834714E+00    0.117309E+01   -0.449984E+00    0.106641E+01    0.130784E+02    0.378475E+00    0.565921E+00
    0.122000E+02   -0.807604E+00    0.114658E+01   -0.454633E+00    0.105120E+01    0.129984E+02    0.375508E+00    0.582946E+00
    0.123000E+02   -0.781040E+00    0.112093E+01   -0.459094E+00    0.103616E+01    0.129174E+02    0.372501E+00    0.600550E+00
    0.124000E+02   -0.755011E+00    0.109608E+01   -0.463371E+00    0.102126E+01    0.128352E+02    0.369452E+00    0.618753E+00
    0.125000E+02   -0.729505E+00    0.107201E+01   -0.467469E+00    0.100653E+01    0.127520E+02    0.366364E+00    0.637576E+00
    0.126000E+02   -0.704511E+00    0.104869E+01   -0.471391E+00    0.991937E+00    0.126677E+02    0.363234E+00    0.657038E+00
    0.127000E+02   -0.680018E+00    0.102609E+01   -0.475143E+00    0.977493E+00    0.125823E+02    0.360063E+00    0.677160E+00
    0.128000E+02   -0.656014E+00    0.100417E+01   -0.478726E+00    0.963193E+00    0.124959E+02    0.356852E+00    0.697964E+00
    0.129000E+02   -0.632488E+00    0.982922E+00   -0.482145E+00    0.949032E+00    0.124083E+02    0.353599E+00    0.719469E+00
    0.130000E+02   -0.609430E+00    0.962306E+00   -0.485403E+00    0.935008E+00    0.123198E+02    0.350306E+00    0.741697E+00
    0.131000E+02   -0.586829E+00    0.942301E+00   -0.488502E+00    0.921118E+00    0.122301E+02    0.346972E+00    0.764669E+00
    0.132000E+02   -0.564674E+00    0.922884E+00   -0.491446E+00    0.907360E+00    0.121394E+02    0.343597E+00    0.788404E+00
    0.133000E+02   -0.542956E+00    0.904033E+00   -0.494236E+00    0.893730E+00    0.120476E+02    0.340181E+00    0.812923E+00
    0.134000E+02   -0.521663E+00    0.885726E+00   -0.496876E+00    0.880226E+00    0.119548E+02    0.336725E+00    0.838245E+00
    0.135000E+02   -0.500787E+00    0.867943E+00   -0.499367E+00    0.866845E+00    0.118609E+02    0.333227E+00    0.864388E+00
    0.136000E+02   -0.480317E+00    0.850665E+00   -0.501711E+00    0.853586E+00    0.117660E+02    0.329689E+00    0.891369E+00
    0.137000E+02   -0.460244E+00    0.833872E+00   -0.503911E+00    0.840446E+00    0.116701E+02    0.326110E+00    0.919204E+00
    0.138000E+02   -0.440559E+00    0.817548E+00   -0.505967E+00    0.827422E+00    0.115731E+02    0.322491E+00    0.947907E+00
    0.139000E+02   -0.421252E+00    0.801674E+00   -0.507882E+00    0.814514E+00    0.114751E+02    0.318832E+00    0.977490E+00
    0.140000E+02   -0.402315E+00    0.786235E+00   -0.509656E+00    0.801718E+00    0.113761E+02    0.315133E+00    0.100796E+01
    0.141000E+02   -0.383739E+00    0.771215E+00   -0.511291E+00    0.789034E+00    0.112761E+02    0.311394E+00    0.103933E+01
    0.142000E+02   -0.365515E+00    0.756600E+00   -0.512789E+00    0.776460E+00    0.111751E+02    0.307616E+00    0.107160E+01
    0.143000E+02   -0.347635E+00    0.742374E+00   -0.514149E+00    0.763993E+00    0.110731E+02    0.303798E+00    0.110477E+01
    0.144000E+02   -0.330090E+00    0.728524E+00   -0.515373E+00    0.751634E+00    0.109701E+02    0.299943E+00    0.113884E+01
    0.145000E+02   -0.312874E+00    0.715038E+00   -0.516461E+00    0.739380E+00    0.108662E+02    0.296049E+00    0.117379E+01
    0.146000E+02   -0.295978E+00    0.701902E+00   -0.517415E+00    0.727232E+00    0.107614E+02    0.292118E+00    0.120961E+01
    0.147000E+02   -0.279394E+00    0.689106E+00   -0.518234E+00    0.715187E+00    0.106557E+02    0.288150E+00    0.124629E+01
    0.148000E+02   -0.263115E+00    0.676636E+00   -0.518919E+00    0.703245E+00    0.105490E+02    0.284147E+00    0.128378E+01
    0.149000E+02   -0.247134E+00    0.664483E+00   -0.519470E+00    0.691406E+00    0.104415E+02    0.280108E+00    0.132206E+01
    0.150000E+02   -0.231444E+00    0.652635E+00   -0.519888E+00    0.679670E+00    0.103331E+02    0.276036E+00    0.136108E+01
    0.151000E+02   -0.216038E+00    0.641083E+00   -0.520173E+00    0.668036E+00    0.102240E+02    0.271930E+00    0.140079E+01
    0.152000E+02   -0.200909E+00    0.629817E+00   -0.520325E+00    0.656504E+00    0.101140E+02    0.267793E+00    0.144112E+01
    0.153000E+02   -0.186050E+00    0.618828E+00   -0.520344E+00    0.645074E+00    0.100033E+02    0.263626E+00    0.148200E+01
    0.154000E+02   -0.171456E+00    0.608107E+00   -0.520230E+00    0.633748E+00    0.989191E+01    0.259430E+00    0.152335E+01
    0.155000E+02   -0.157120E+00    0.597645E+00   -0.519983E+00    0.622524E+00    0.977983E+01    0.255206E+00    0.156506E+01
    0.156000E+02   -0.143037E+00    0.587434E+00   -0.519604E+00    0.611406E+00    0.966713E+01    0.250958E+00    0.160704E+01
    0.157000E+02   -0.129199E+00    0.577467E+00   -0.519092E+00    0.600392E+00    0.955385E+01    0.246686E+00    0.164915E+01
    0.158000E+02   -0.115602E+00    0.567735E+00   -0.518449E+00    0.589486E+00    0.944004E+01    0.242394E+00    0.169126E+01
    0.159000E+02   -0.102240E+00    0.558232E+00   -0.517673E+00    0.578687E+00    0.932576E+01    0.238082E+00    0.173323E+01
    0.160000E+02   -0.891070E-01    0.548951E+00   -0.516766E+00    0.567998E+00    0.921107E+01    0.233754E+00    0.177489E+01
    0.161000E+02   -0.761986E-01    0.539886E+00   -0.515729E+00    0.557420E+00    0.909603E+01    0.229413E+00    0.181607E+01
    0.162000E+02   -0.635093E-01    0.531028E+00   -0.514560E+00    0.546956E+00    0.898071E+01    0.225061E+00    0.185658E+01
    0.163000E+02   -0.510342E-01    0.522374E+00   -0.513263E+00    0.536607E+00    0.886518E+01    0.220701E+00    0.189624E+01
    0.164000E+02   -0.387685E-01    0.513916E+00   -0.511836E+00    0.526377E+00    0.874951E+01    0.216337E+00    0.193483E+01
    0.165000E+02   -0.267074E-01    0.505649E+00   -0.510283E+00    0.516266E+00    0.863378E+01    0.211973E+00    0.197216E+01
    0.166000E+02   -0.148464E-01    0.497568E+00   -0.508603E+00    0.506278E+00    0.851806E+01    0.207610E+00    0.200799E+01
    0.167000E+02   -0.318105E-02    0.489667E+00   -0.506798E+00    0.496416E+00    0.840245E+01    0.203254E+00    0.204212E+01
    0.168000E+02    0.829291E-02    0.481941E+00   -0.504871E+00    0.486682E+00    0.828702E+01    0.198908E+00    0.207433E+01
    0.169000E+02    0.195797E-01    0.474385E+00   -0.502823E+00    0.477079E+00    0.817186E+01    0.194576E+00    0.210441E+01
    0.170000E+02    0.306833E-01    0.466996E+00   -0.500657E+00    0.467611E+00    0.805706E+01    0.190262E+00    0.213214E+01
    0.171000E+02    0.416078E-01    0.459767E+00   -0.498376E+00    0.458279E+00    0.794272E+01    0.185970E+00    0.215734E+01
    0.172000E+02    0.523569E-01    0.452696E+00   -0.495981E+00    0.449086E+00    0.782891E+01    0.181705E+00    0.217983E+01
    0.173000E+02    0.629343E-01    0.445777E+00   -0.493477E+00    0.440036E+00    0.771574E+01    0.177470E+00    0.219944E+01
    0.174000E+02    0.733437E-01    0.439006E+00   -0.490866E+00    0.431130E+00    0.760329E+01    0.173269E+00    0.221602E+01
    0.175000E+02    0.835885E-01    0.432380E+00   -0.488153E+00    0.422373E+00    0.749164E+01    0.169107E+00    0.222946E+01
    0.176000E+02    0.936722E-01    0.425895E+00   -0.485342E+00    0.413765E+00    0.738090E+01    0.164987E+00    0.223965E+01
    0.177000E+02    0.103598E+00    0.419547E+00   -0.482435E+00    0.405309E+00    0.727114E+01    0.160914E+00    0.224654E+01
    0.178000E+02    0.113369E+00    0.413332E+00   -0.479439E+00    0.397007E+00    0.716244E+01    0.156891E+00    0.225009E+01
    0.179000E+02    0.122989E+00    0.407248E+00   -0.476357E+00    0.388861E+00    0.705489E+01    0.152921E+00    0.225027E+01
    0.180000E+02    0.132461E+00    0.401290E+00   -0.473195E+00    0.380872E+00    0.694856E+01    0.149009E+00    0.224712E+01
    0.181000E+02    0.141786E+00    0.395456E+00   -0.469956E+00    0.373041E+00    0.684351E+01    0.145158E+00    0.224068E+01
    0.182000E+02    0.150970E+00    0.389743E+00   -0.466647E+00    0.365370E+00    0.673982E+01    0.141369E+00    0.223104E+01
    0.183000E+02    0.160013E+00    0.384146E+00   -0.463272E+00    0.357860E+00    0.663754E+01    0.137647E+00    0.221828E+01
    0.184000E+02    0.168920E+00    0.378665E+00   -0.459837E+00    0.350509E+00    0.653674E+01    0.133993E+00    0.220255E+01
    0.185000E+02    0.177692E+00    0.373295E+00   -0.456346E+00    0.343320E+00    0.643745E+01    0.130410E+00    0.218399E+01
    0.186000E+02    0.186332E+00    0.368033E+00   -0.452805E+00    0.336290E+00    0.633973E+01    0.126899E+00    0.216277E+01
    0.187000E+02    0.194842E+00    0.362878E+00   -0.449218E+00    0.329421E+00    0.624361E+01    0.123462E+00    0.213906E+01
    0.188000E+02    0.203226E+00    0.357826E+00   -0.445592E+00    0.322710E+00    0.614913E+01    0.120101E+00    0.211306E+01
    0.189000E+02    0.211485E+00    0.352875E+00   -0.441931E+00    0.316157E+00    0.605632E+01    0.116817E+00    0.208497E+01
    0.190000E+02    0.219623E+00    0.348023E+00   -0.438240E+00    0.309761E+00    0.596519E+01    0.113610E+00    0.205500E+01
    0.191000E+02    0.227640E+00    0.343267E+00   -0.434523E+00    0.303520E+00    0.587576E+01    0.110481E+00    0.202336E+01
    0.192000E+02    0.235539E+00    0.338604E+00   -0.430786E+00    0.297431E+00    0.578804E+01    0.107430E+00    0.199025E+01
    0.193000E+02    0.243323E+00    0.334033E+00   -0.427032E+00    0.291494E+00    0.570204E+01    0.104457E+00    0.195588E+01
    0.194000E+02    0.250994E+00    0.329552E+00   -0.423267E+00    0.285705E+00    0.561776E+01    0.101562E+00    0.192044E+01
    0.195000E+02    0.258553E+00    0.325157E+00   -0.419493E+00    0.280063E+00    0.553520E+01    0.987447E-01    0.188413E+01
    0.196000E+02    0.266003E+00    0.320847E+00   -0.415715E+00    0.274564E+00    0.545435E+01    0.960045E-01    0.184713E+01
    0.197000E+02    0.273346E+00    0.316621E+00   -0.411937E+00    0.269207E+00    0.537521E+01    0.933407E-01    0.180961E+01
    0.198000E+02    0.280583E+00    0.312475E+00   -0.408162E+00    0.263987E+00    0.529775E+01    0.907522E-01    0.177173E+01
    0.199000E+02    0.287716E+00    0.308408E+00   -0.404394E+00    0.258903E+00    0.522196E+01    0.882380E-01    0.173364E+01
    0.200000E+02    0.294748E+00    0.304419E+00   -0.400634E+00    0.253951E+00    0.514782E+01    0.857969E-01    0.169548E+01
