    2  0.00000000E-02  1.21367686E+01  0.00000000E-00  8.05299716E-06
    3  1.00000000E-02  7.17873868E+00  1.57514807E-01  3.05503407E-03
    2  1.10000000E-01  7.34049418E+00  1.66355353E-01  3.08576741E-03
    1  2.10000000E-01  7.51082187E+00  1.75804571E-01  3.11470818E-03
    1  3.10000000E-01  7.69131353E+00  1.86168833E-01  3.14522395E-03
    1  4.10000000E-01  7.88251049E+00  1.97446660E-01  3.17576435E-03
    1  5.10000000E-01  8.08619693E+00  2.09993324E-01  3.20940162E-03
    1  6.10000000E-01  8.30191679E+00  2.23531013E-01  3.24090499E-03
    1  7.10000000E-01  8.53298043E+00  2.38857279E-01  3.27790843E-03
    1  8.10000000E-01  8.77878017E+00  2.55362785E-01  3.31071606E-03
    1  9.10000000E-01  9.04323519E+00  2.74369700E-01  3.35188347E-03
    1  1.01000000E+00  9.32601064E+00  2.94804840E-01  3.38617221E-03
    1  1.11000000E+00  9.63190330E+00  3.18776933E-01  3.43231565E-03
    2  1.21000000E+00  9.96406927E+00  3.45166823E-01  3.47243979E-03
    1  1.31000000E+00  1.03214864E+01  3.75330610E-01  3.51848408E-03
    1  1.41000000E+00  1.07130106E+01  4.09652476E-01  3.56416620E-03
    1  1.51000000E+00  1.11391901E+01  4.49608352E-01  3.61759701E-03
    2  1.61000000E+00  1.16103827E+01  4.95791402E-01  3.67125630E-03
    2  1.71000000E+00  1.21292166E+01  5.49878886E-01  3.73000885E-03
    2  1.81000000E+00  1.27064887E+01  6.13999857E-01  3.79406067E-03
    2  1.91000000E+00  1.33528358E+01  6.90835928E-01  3.86426558E-03
    2  2.01000000E+00  1.40823561E+01  7.84195486E-01  3.94211275E-03
    2  2.11000000E+00  1.49134643E+01  8.99512549E-01  4.02970328E-03
    2  2.21000000E+00  1.58707136E+01  1.04475320E+00  4.12993168E-03
    2  2.31000000E+00  1.69877795E+01  1.23207388E+00  4.24702721E-03
    2  2.41000000E+00  1.83122766E+01  1.48090842E+00  4.38745345E-03
    3  2.51000000E+00  1.99156108E+01  1.82403062E+00  4.56054809E-03
    3  2.61000000E+00  2.19029938E+01  2.32172359E+00  4.78576101E-03
    3  2.71000000E+00  2.44490881E+01  3.09561002E+00  5.09699081E-03
    3  2.81000000E+00  2.78487847E+01  4.42751699E+00  5.56809912E-03
    4  2.91000000E+00  3.25781531E+01  7.10752299E+00  6.39250274E-03
    6  3.01000000E+00  3.85960661E+01  1.36178544E+01  8.12956592E-03
    8  3.11000000E+00  4.03321216E+01  2.74057796E+01  1.15258969E-02
    9  3.21000000E+00  3.03094299E+01  3.78648527E+01  1.60962056E-02
    9  3.31000000E+00  2.07078658E+01  3.91203443E+01  1.99673356E-02
    9  3.41000000E+00  1.56997968E+01  3.98800805E+01  2.17104818E-02
    9  3.51000000E+00  7.39910886E+00  3.72588387E+01  2.58209759E-02
    9  3.61000000E+00  7.52627059E+00  3.26617906E+01  2.90730868E-02
    9  3.71000000E+00  1.05458669E+01  3.36571660E+01  2.70551619E-02
    9  3.81000000E+00  1.04953587E+01  4.03584697E+01  2.32084128E-02
    9  3.91000000E+00  1.42203572E+00  4.76522393E+01  2.09667009E-02
   10  4.01000000E+00 -1.04023905E+01  4.73852177E+01  2.01333490E-02
   10  4.11000000E+00 -1.95197168E+01  4.16888190E+01  1.96740312E-02
   10  4.21000000E+00 -2.69605815E+01  3.21524423E+01  1.82616628E-02
   10  4.31000000E+00 -2.62983067E+01  2.10146352E+01  1.85442479E-02
    9  4.41000000E+00 -2.17825176E+01  1.47604240E+01  2.13193653E-02
    9  4.51000000E+00 -1.75949695E+01  1.21411411E+01  2.65676147E-02
    8  4.61000000E+00 -1.44422769E+01  1.14848011E+01  3.37312043E-02
    8  4.71000000E+00 -1.24876838E+01  1.16266037E+01  3.99374735E-02
    8  4.81000000E+00 -1.20838974E+01  1.24731612E+01  4.13565903E-02
    9  4.91000000E+00 -1.23533723E+01  1.19941807E+01  4.04571637E-02
    9  5.01000000E+00 -1.22446743E+01  1.15950625E+01  4.07734845E-02
    9  5.11000000E+00 -1.28237904E+01  1.07281443E+01  3.83774823E-02
    9  5.21000000E+00 -1.25359560E+01  9.57750383E+00  3.84826065E-02
    8  5.31000000E+00 -1.19705297E+01  8.76201841E+00  3.98153127E-02
    8  5.41000000E+00 -1.21175583E+01  8.43456290E+00  3.86947256E-02
    8  5.51000000E+00 -1.19456149E+01  7.21297901E+00  3.70419160E-02
    8  5.61000000E+00 -1.13823249E+01  6.47829837E+00  3.77686811E-02
    8  5.71000000E+00 -1.09618161E+01  5.81466309E+00  3.77644878E-02
    8  5.81000000E+00 -1.02821311E+01  5.18530328E+00  3.91020233E-02
    8  5.91000000E+00 -9.64499602E+00  4.91204778E+00  4.19280691E-02
    8  6.01000000E+00 -9.29800197E+00  4.77450643E+00  4.37030751E-02
    8  6.11000000E+00 -8.90922887E+00  4.58183968E+00  4.56505790E-02
    8  6.21000000E+00 -8.75362329E+00  4.43373836E+00  4.60485685E-02
    8  6.31000000E+00 -8.63860773E+00  4.14021730E+00  4.51166528E-02
    8  6.41000000E+00 -8.32058057E+00  3.72002838E+00  4.47814889E-02
    8  6.51000000E+00 -8.00046178E+00  3.56905800E+00  4.65050724E-02
    8  6.61000000E+00 -7.76133217E+00  3.20402145E+00  4.54445146E-02
    8  6.71000000E+00 -7.27608796E+00  3.18527885E+00  5.04898911E-02
    7  6.81000000E+00 -7.18946234E+00  3.10222775E+00  5.05972460E-02
    7  6.91000000E+00 -6.99479485E+00  3.03409901E+00  5.21924485E-02
    7  7.01000000E+00 -6.99034843E+00  2.76495953E+00  4.89287007E-02
    7  7.11000000E+00 -6.61303169E+00  2.41913573E+00  4.87882368E-02
    7  7.21000000E+00 -6.24285177E+00  2.43735612E+00  5.42672971E-02
    7  7.31000000E+00 -6.11381913E+00  2.44324976E+00  5.63632799E-02
    7  7.41000000E+00 -5.98215521E+00  2.27604926E+00  5.55586821E-02
    7  7.51000000E+00 -5.68510130E+00  2.20995373E+00  5.94005364E-02
    7  7.61000000E+00 -5.44043413E+00  2.27815589E+00  6.54862330E-02
    7  7.71000000E+00 -5.46118651E+00  2.48214442E+00  6.89760484E-02
    7  7.81000000E+00 -5.60950285E+00  2.27116291E+00  6.20117765E-02
    7  7.91000000E+00 -5.47721467E+00  2.04327702E+00  5.97888895E-02
    7  8.01000000E+00 -5.30341005E+00  1.91125700E+00  6.01420216E-02
    7  8.11000000E+00 -5.09444796E+00  1.84671198E+00  6.28908871E-02
    7  8.21000000E+00 -5.01473399E+00  1.83570050E+00  6.43713487E-02
    7  8.31000000E+00 -4.87552933E+00  1.77387647E+00  6.59006773E-02
    7  8.41000000E+00 -4.83181389E+00  1.81172318E+00  6.80363166E-02
    7  8.51000000E+00 -4.82306365E+00  1.67624584E+00  6.42935853E-02
    7  8.61000000E+00 -4.74425255E+00  1.59190851E+00  6.35692773E-02
    7  8.71000000E+00 -4.65303422E+00  1.44103950E+00  6.07333387E-02
    7  8.81000000E+00 -4.48420193E+00  1.38333208E+00  6.28168433E-02
    7  8.91000000E+00 -4.39025587E+00  1.33072158E+00  6.32316963E-02
    7  9.01000000E+00 -4.31218317E+00  1.28327816E+00  6.33976632E-02
    7  9.11000000E+00 -4.19654334E+00  1.19663196E+00  6.28387326E-02
    7  9.21000000E+00 -4.08933203E+00  1.15860602E+00  6.41353854E-02
    7  9.31000000E+00 -3.94806642E+00  1.16607772E+00  6.88074633E-02
    7  9.41000000E+00 -3.94192250E+00  1.15592641E+00  6.84996720E-02
    6  9.51000000E+00 -3.87584521E+00  1.11229518E+00  6.84094601E-02
    6  9.61000000E+00 -3.87384080E+00  1.03936473E+00  6.46092992E-02
    6  9.71000000E+00 -3.75957203E+00  8.77399874E-01  5.88692547E-02
    6  9.81000000E+00 -3.55650620E+00  8.51761877E-01  6.36867752E-02
    6  9.91000000E+00 -3.46613827E+00  9.33315130E-01  7.24331588E-02
    7  1.00100000E+01 -3.44972166E+00  9.04251945E-01  7.10987648E-02
    6  1.01100000E+01 -3.39651485E+00  8.73832330E-01  7.10438790E-02
    6  1.02100000E+01 -3.33051359E+00  8.26017001E-01  7.01522989E-02
    7  1.03100000E+01 -3.26831441E+00  8.07527294E-01  7.12483466E-02
    7  1.04100000E+01 -3.21289862E+00  7.50586063E-01  6.89490515E-02
    7  1.05100000E+01 -3.10951150E+00  7.00842274E-01  6.89788979E-02
    7  1.06100000E+01 -3.00203167E+00  7.11725599E-01  7.47709299E-02
    6  1.07100000E+01 -2.95288814E+00  7.48675508E-01  8.06756892E-02
    7  1.08100000E+01 -2.93517074E+00  7.41824818E-01  8.09363680E-02
    7  1.09100000E+01 -2.91314786E+00  7.17135353E-01  7.96753886E-02
    7  1.10100000E+01 -2.87519322E+00  6.50681549E-01  7.48759924E-02
    6  1.11100000E+01 -2.80438132E+00  6.11815651E-01  7.42596288E-02
    6  1.12100000E+01 -2.71461263E+00  5.85061220E-01  7.58694697E-02
    6  1.13100000E+01 -2.65194505E+00  5.95020289E-01  8.05511616E-02
    6  1.14100000E+01 -2.61757533E+00  5.77385240E-01  8.03589797E-02
    6  1.15100000E+01 -2.53766802E+00  5.47917652E-01  8.12937489E-02
    6  1.16100000E+01 -2.47555195E+00  5.80338798E-01  8.97641582E-02
    6  1.17100000E+01 -2.46215208E+00  5.70928273E-01  8.93729953E-02
    6  1.18100000E+01 -2.41527749E+00  5.47569383E-01  8.92766816E-02
    6  1.19100000E+01 -2.33633265E+00  5.35450917E-01  9.32003827E-02
    6  1.20100000E+01 -2.29475527E+00  5.82762361E-01  1.03962347E-01
    7  1.21100000E+01 -2.31458802E+00  5.89200965E-01  1.03287492E-01
    7  1.22100000E+01 -2.28615620E+00  5.36924008E-01  9.73606012E-02
    6  1.23100000E+01 -2.24251468E+00  5.37725218E-01  1.01113792E-01
    6  1.24100000E+01 -2.22739848E+00  5.15451764E-01  9.86134125E-02
    6  1.25100000E+01 -2.18713055E+00  4.89816447E-01  9.75057885E-02
    6  1.26100000E+01 -2.15578431E+00  4.72980718E-01  9.70990316E-02
    6  1.27100000E+01 -2.11148966E+00  4.46691164E-01  9.58992456E-02
    6  1.28100000E+01 -2.07664654E+00  4.37535556E-01  9.71459690E-02
    6  1.29100000E+01 -2.04666236E+00  4.05631221E-01  9.31765108E-02
    6  1.30100000E+01 -1.98077182E+00  3.69948877E-01  9.11132507E-02
    6  1.31100000E+01 -1.90184095E+00  3.74901111E-01  9.97727576E-02
    6  1.32100000E+01 -1.85257331E+00  4.05816061E-01  1.12829655E-01
    6  1.33100000E+01 -1.83814756E+00  4.26495622E-01  1.19779094E-01
    7  1.34100000E+01 -1.81841998E+00  4.14879327E-01  1.19260141E-01
    7  1.35100000E+01 -1.77807134E+00  4.07990704E-01  1.22593578E-01
    6  1.36100000E+01 -1.74626937E+00  4.21738183E-01  1.30677530E-01
    6  1.37100000E+01 -1.72816861E+00  4.32650779E-01  1.36321484E-01
    6  1.38100000E+01 -1.71754170E+00  4.29043977E-01  1.36898568E-01
    6  1.39100000E+01 -1.70505741E+00  4.16578554E-01  1.35219479E-01
    6  1.40100000E+01 -1.67241761E+00  3.96212768E-01  1.34129124E-01
    6  1.41100000E+01 -1.64163836E+00  3.96669916E-01  1.39069047E-01
    6  1.42100000E+01 -1.62397319E+00  3.84674335E-01  1.38110583E-01
    6  1.43100000E+01 -1.57340841E+00  3.66050537E-01  1.40270367E-01
    6  1.44100000E+01 -1.53241284E+00  3.90990083E-01  1.56323352E-01
    7  1.45100000E+01 -1.51881841E+00  4.13010270E-01  1.66712063E-01
    7  1.46100000E+01 -1.52587167E+00  4.07277764E-01  1.63292587E-01
    7  1.47100000E+01 -1.50427911E+00  3.85202903E-01  1.59753238E-01
    7  1.48100000E+01 -1.45996058E+00  3.83161582E-01  1.68178892E-01
    7  1.49100000E+01 -1.44631461E+00  4.00353448E-01  1.77768251E-01
    7  1.50100000E+01 -1.43890267E+00  3.99434097E-01  1.79119355E-01
    7  1.51100000E+01 -1.42499963E+00  3.88774869E-01  1.78192429E-01
    7  1.52100000E+01 -1.39979405E+00  3.78612336E-01  1.80054031E-01
    7  1.53100000E+01 -1.37168167E+00  3.74876179E-01  1.85394783E-01
    7  1.54100000E+01 -1.34619020E+00  3.90489932E-01  1.98751900E-01
    7  1.55100000E+01 -1.34226035E+00  3.89339768E-01  1.99329378E-01
    7  1.56100000E+01 -1.31523872E+00  3.91946309E-01  2.08097454E-01
    7  1.57100000E+01 -1.31184582E+00  4.02974682E-01  2.13969459E-01
    7  1.58100000E+01 -1.30593103E+00  3.98411137E-01  2.13718407E-01
    6  1.59100000E+01 -1.29102608E+00  3.88100968E-01  2.13550801E-01
    7  1.60100000E+01 -1.26950647E+00  3.94372131E-01  2.23165162E-01
    7  1.61100000E+01 -1.26086846E+00  4.05482300E-01  2.31148732E-01
    7  1.62100000E+01 -1.26553250E+00  4.11034301E-01  2.32154342E-01
    7  1.63100000E+01 -1.27076921E+00  4.09993472E-01  2.29952437E-01
    7  1.64100000E+01 -1.28251655E+00  3.86024171E-01  2.15191512E-01
    6  1.65100000E+01 -1.26370029E+00  3.68863160E-01  2.12846790E-01
    6  1.66100000E+01 -1.26450071E+00  3.59623762E-01  2.08080528E-01
    6  1.67100000E+01 -1.25805309E+00  3.34902749E-01  1.97599364E-01
    6  1.68100000E+01 -1.23704664E+00  3.05487323E-01  1.88153501E-01
    6  1.69100000E+01 -1.20221622E+00  2.86234252E-01  1.87417595E-01
    6  1.70100000E+01 -1.17067692E+00  2.86643412E-01  1.97324635E-01
    6  1.71100000E+01 -1.14669255E+00  2.88772044E-01  2.06517535E-01
    6  1.72100000E+01 -1.12652338E+00  3.01513424E-01  2.21706708E-01
    6  1.73100000E+01 -1.12483669E+00  2.98652709E-01  2.20497237E-01
    6  1.74100000E+01 -1.10384935E+00  3.10227626E-01  2.35963970E-01
    6  1.75100000E+01 -1.11364154E+00  3.10985528E-01  2.32615247E-01
    6  1.76100000E+01 -1.10784111E+00  3.02438923E-01  2.29332143E-01
    6  1.77100000E+01 -1.11038282E+00  2.98718233E-01  2.25928126E-01
    6  1.78100000E+01 -1.11117613E+00  2.81902622E-01  2.14508137E-01
    6  1.79100000E+01 -1.10581268E+00  2.62204222E-01  2.03011579E-01
    6  1.80100000E+01 -1.09108019E+00  2.33044499E-01  1.87219568E-01
    6  1.81100000E+01 -1.06493657E+00  2.25592235E-01  1.90376125E-01
    6  1.82100000E+01 -1.04868575E+00  2.12580906E-01  1.85671134E-01
    6  1.83100000E+01 -1.02377596E+00  2.03160047E-01  1.86489519E-01
    6  1.84100000E+01 -1.00485252E+00  2.08238312E-01  1.97739945E-01
    7  1.85100000E+01 -9.94239230E-01  2.08745221E-01  2.02255605E-01
    7  1.86100000E+01 -9.89408147E-01  2.04008172E-01  1.99900651E-01
    6  1.87100000E+01 -9.86597879E-01  1.90380075E-01  1.88566079E-01
    6  1.88100000E+01 -9.70464829E-01  1.70766322E-01  1.75873129E-01
    6  1.89100000E+01 -9.46749782E-01  1.63372546E-01  1.76996739E-01
    6  1.90100000E+01 -9.32014761E-01  1.57134977E-01  1.75895476E-01
    6  1.91100000E+01 -9.14270860E-01  1.48162807E-01  1.72715443E-01
    6  1.92100000E+01 -8.94586371E-01  1.40522941E-01  1.71362863E-01
    6  1.93100000E+01 -8.73784207E-01  1.38124544E-01  1.76499569E-01
    6  1.94100000E+01 -8.54899347E-01  1.36977279E-01  1.82730010E-01
    6  1.95100000E+01 -8.39203124E-01  1.39588458E-01  1.92869184E-01
    6  1.96100000E+01 -8.28558565E-01  1.37639615E-01  1.95107864E-01
    6  1.97100000E+01 -8.09612571E-01  1.34964858E-01  2.00337325E-01
    6  1.98100000E+01 -7.95841768E-01  1.38744259E-01  2.12597707E-01
    6  1.99100000E+01 -7.85570784E-01  1.42170753E-01  2.23071039E-01
