#   omega (eV)      epsilon_1       epsilon_2       n               kappa           mu (cm^(-1))    R               epsinv   
    0.000000E+00    0.117137E+02    0.214274E+01    0.243670E+01    0.311744E+00    0.000000E+00    0.305067E+00    0.151108E-01
    0.100000E+00    0.117184E+02    0.214587E+01    0.243741E+01    0.312135E+00    0.316363E-01    0.305154E+00    0.151198E-01
    0.200000E+00    0.117323E+02    0.215528E+01    0.243955E+01    0.313309E+00    0.635107E-01    0.305413E+00    0.151469E-01
    0.300000E+00    0.117557E+02    0.217109E+01    0.244312E+01    0.315279E+00    0.958651E-01    0.305847E+00    0.151921E-01
    0.400000E+00    0.117885E+02    0.219345E+01    0.244814E+01    0.318063E+00    0.128949E+00    0.306457E+00    0.152556E-01
    0.500000E+00    0.118310E+02    0.222261E+01    0.245463E+01    0.321686E+00    0.163022E+00    0.307245E+00    0.153377E-01
    0.600000E+00    0.118833E+02    0.225889E+01    0.246261E+01    0.326182E+00    0.198360E+00    0.308214E+00    0.154385E-01
    0.700000E+00    0.119457E+02    0.230269E+01    0.247213E+01    0.331596E+00    0.235262E+00    0.309369E+00    0.155585E-01
    0.800000E+00    0.120185E+02    0.235452E+01    0.248321E+01    0.337981E+00    0.274048E+00    0.310713E+00    0.156980E-01
    0.900000E+00    0.121020E+02    0.241499E+01    0.249590E+01    0.345403E+00    0.315073E+00    0.312251E+00    0.158577E-01
    0.100000E+01    0.121967E+02    0.248483E+01    0.251026E+01    0.353939E+00    0.358733E+00    0.313991E+00    0.160381E-01
    0.110000E+01    0.123029E+02    0.256494E+01    0.252635E+01    0.363682E+00    0.405469E+00    0.315940E+00    0.162400E-01
    0.120000E+01    0.124211E+02    0.265635E+01    0.254423E+01    0.374743E+00    0.455783E+00    0.318104E+00    0.164642E-01
    0.130000E+01    0.125520E+02    0.276033E+01    0.256398E+01    0.387253E+00    0.510249E+00    0.320495E+00    0.167119E-01
    0.140000E+01    0.126960E+02    0.287835E+01    0.258568E+01    0.401368E+00    0.569527E+00    0.323123E+00    0.169842E-01
    0.150000E+01    0.128537E+02    0.301221E+01    0.260941E+01    0.417272E+00    0.634386E+00    0.325999E+00    0.172825E-01
    0.160000E+01    0.130259E+02    0.316402E+01    0.263528E+01    0.435183E+00    0.705724E+00    0.329136E+00    0.176087E-01
    0.170000E+01    0.132130E+02    0.333634E+01    0.266338E+01    0.455363E+00    0.784603E+00    0.332550E+00    0.179648E-01
    0.180000E+01    0.134156E+02    0.353220E+01    0.269381E+01    0.478124E+00    0.872282E+00    0.336256E+00    0.183533E-01
    0.190000E+01    0.136342E+02    0.375530E+01    0.272666E+01    0.503842E+00    0.970267E+00    0.340274E+00    0.187772E-01
    0.200000E+01    0.138687E+02    0.401005E+01    0.276202E+01    0.532966E+00    0.108037E+01    0.344621E+00    0.192401E-01
    0.210000E+01    0.141190E+02    0.430182E+01    0.279993E+01    0.566039E+00    0.120478E+01    0.349319E+00    0.197464E-01
    0.220000E+01    0.143842E+02    0.463702E+01    0.284040E+01    0.603717E+00    0.134617E+01    0.354390E+00    0.203017E-01
    0.230000E+01    0.146620E+02    0.502338E+01    0.288334E+01    0.646785E+00    0.150776E+01    0.359854E+00    0.209125E-01
    0.240000E+01    0.149490E+02    0.547000E+01    0.292857E+01    0.696182E+00    0.169347E+01    0.365732E+00    0.215871E-01
    0.250000E+01    0.152387E+02    0.598737E+01    0.297564E+01    0.753006E+00    0.190802E+01    0.372037E+00    0.223353E-01
    0.260000E+01    0.155215E+02    0.658709E+01    0.302386E+01    0.818504E+00    0.215694E+01    0.378773E+00    0.231690E-01
    0.270000E+01    0.157822E+02    0.728087E+01    0.307204E+01    0.894008E+00    0.244652E+01    0.385928E+00    0.241016E-01
    0.280000E+01    0.159995E+02    0.807860E+01    0.311843E+01    0.980787E+00    0.278340E+01    0.393462E+00    0.251476E-01
    0.290000E+01    0.161445E+02    0.898487E+01    0.316057E+01    0.107976E+01    0.317373E+01    0.401300E+00    0.263199E-01
    0.300000E+01    0.161823E+02    0.999428E+01    0.319537E+01    0.119111E+01    0.362173E+01    0.409323E+00    0.276273E-01
    0.310000E+01    0.160774E+02    0.110870E+02    0.321941E+01    0.131380E+01    0.412796E+01    0.417376E+00    0.290690E-01
    0.320000E+01    0.158010E+02    0.122276E+02    0.322969E+01    0.144545E+01    0.468810E+01    0.425294E+00    0.306314E-01
    0.330000E+01    0.153405E+02    0.133709E+02    0.322434E+01    0.158260E+01    0.529332E+01    0.432943E+00    0.322882E-01
    0.340000E+01    0.147019E+02    0.144718E+02    0.320306E+01    0.172158E+01    0.593266E+01    0.440257E+00    0.340051E-01
    0.350000E+01    0.139051E+02    0.154953E+02    0.316682E+01    0.185937E+01    0.659596E+01    0.447248E+00    0.357483E-01
    0.360000E+01    0.129748E+02    0.164199E+02    0.311717E+01    0.199407E+01    0.727591E+01    0.453988E+00    0.374920E-01
    0.370000E+01    0.119323E+02    0.172340E+02    0.305549E+01    0.212477E+01    0.796815E+01    0.460574E+00    0.392225E-01
    0.380000E+01    0.107930E+02    0.179296E+02    0.298249E+01    0.225105E+01    0.866986E+01    0.467091E+00    0.409390E-01
    0.390000E+01    0.956810E+01    0.184962E+02    0.289824E+01    0.237237E+01    0.937759E+01    0.473583E+00    0.426516E-01
    0.400000E+01    0.827024E+01    0.189182E+02    0.280244E+01    0.248764E+01    0.100853E+02    0.480040E+00    0.443782E-01
    0.410000E+01    0.691913E+01    0.191770E+02    0.269501E+01    0.259499E+01    0.107836E+02    0.486396E+00    0.461393E-01
    0.420000E+01    0.554455E+01    0.192567E+02    0.257656E+01    0.269207E+01    0.114599E+02    0.492545E+00    0.479544E-01
    0.430000E+01    0.418484E+01    0.191505E+02    0.244871E+01    0.277647E+01    0.121005E+02    0.498366E+00    0.498381E-01
    0.440000E+01    0.288141E+01    0.188654E+02    0.231403E+01    0.284630E+01    0.126933E+02    0.503744E+00    0.517986E-01
    0.450000E+01    0.167136E+01    0.184230E+02    0.217569E+01    0.290063E+01    0.132296E+02    0.508598E+00    0.538369E-01
    0.460000E+01    0.581365E+00    0.178549E+02    0.203692E+01    0.293965E+01    0.137055E+02    0.512889E+00    0.559476E-01
    0.470000E+01   -0.375076E+00    0.171974E+02    0.190055E+01    0.296450E+01    0.141219E+02    0.516627E+00    0.581208E-01
    0.480000E+01   -0.119671E+01    0.164846E+02    0.176869E+01    0.297697E+01    0.144830E+02    0.519853E+00    0.603446E-01
    0.490000E+01   -0.189122E+01    0.157453E+02    0.164265E+01    0.297907E+01    0.147952E+02    0.522637E+00    0.626078E-01
    0.500000E+01   -0.247123E+01    0.150009E+02    0.152308E+01    0.297273E+01    0.150650E+02    0.525050E+00    0.649014E-01
    0.510000E+01   -0.295098E+01    0.142661E+02    0.141009E+01    0.295965E+01    0.152987E+02    0.527161E+00    0.672202E-01
    0.520000E+01   -0.334418E+01    0.135503E+02    0.130355E+01    0.294118E+01    0.155013E+02    0.529022E+00    0.695621E-01
    0.530000E+01   -0.366310E+01    0.128593E+02    0.120316E+01    0.291839E+01    0.156770E+02    0.530674E+00    0.719280E-01
    0.540000E+01   -0.391828E+01    0.121964E+02    0.110857E+01    0.289212E+01    0.158290E+02    0.532145E+00    0.743204E-01
    0.550000E+01   -0.411877E+01    0.115634E+02    0.101944E+01    0.286303E+01    0.159599E+02    0.533453E+00    0.767431E-01
    0.560000E+01   -0.427226E+01    0.109611E+02    0.935456E+00    0.283165E+01    0.160721E+02    0.534611E+00    0.792000E-01
    0.570000E+01   -0.438538E+01    0.103895E+02    0.856304E+00    0.279844E+01    0.161672E+02    0.535626E+00    0.816956E-01
    0.580000E+01   -0.446382E+01    0.984837E+01    0.781706E+00    0.276375E+01    0.162469E+02    0.536503E+00    0.842345E-01
    0.590000E+01   -0.451255E+01    0.933707E+01    0.711401E+00    0.272790E+01    0.163126E+02    0.537245E+00    0.868210E-01
    0.600000E+01   -0.453589E+01    0.885475E+01    0.645149E+00    0.269117E+01    0.163657E+02    0.537854E+00    0.894592E-01
    0.610000E+01   -0.453763E+01    0.840044E+01    0.582721E+00    0.265380E+01    0.164074E+02    0.538333E+00    0.921530E-01
    0.620000E+01   -0.452114E+01    0.797301E+01    0.523899E+00    0.261599E+01    0.164388E+02    0.538683E+00    0.949060E-01
    0.630000E+01   -0.448933E+01    0.757126E+01    0.468474E+00    0.257793E+01    0.164610E+02    0.538908E+00    0.977213E-01
    0.640000E+01   -0.444477E+01    0.719394E+01    0.416247E+00    0.253979E+01    0.164748E+02    0.539011E+00    0.100602E+00
    0.650000E+01   -0.438970E+01    0.683977E+01    0.367028E+00    0.250169E+01    0.164813E+02    0.538995E+00    0.103551E+00
    0.660000E+01   -0.432606E+01    0.650747E+01    0.320635E+00    0.246377E+01    0.164811E+02    0.538864E+00    0.106572E+00
    0.670000E+01   -0.425555E+01    0.619578E+01    0.276895E+00    0.242611E+01    0.164751E+02    0.538622E+00    0.109665E+00
    0.680000E+01   -0.417966E+01    0.590347E+01    0.235643E+00    0.238882E+01    0.164640E+02    0.538275E+00    0.112833E+00
    0.690000E+01   -0.409966E+01    0.562931E+01    0.196720E+00    0.235198E+01    0.164485E+02    0.537829E+00    0.116077E+00
    0.700000E+01   -0.401668E+01    0.537214E+01    0.159968E+00    0.231564E+01    0.164291E+02    0.537293E+00    0.119398E+00
    0.710000E+01   -0.393166E+01    0.513080E+01    0.125239E+00    0.227987E+01    0.164064E+02    0.536675E+00    0.122796E+00
    0.720000E+01   -0.384541E+01    0.490418E+01    0.923872E-01    0.224471E+01    0.163808E+02    0.535984E+00    0.126272E+00
    0.730000E+01   -0.375859E+01    0.469121E+01    0.612739E-01    0.221018E+01    0.163529E+02    0.535229E+00    0.129826E+00
    0.740000E+01   -0.367175E+01    0.449088E+01    0.317681E-01    0.217630E+01    0.163228E+02    0.534421E+00    0.133459E+00
    0.750000E+01   -0.358532E+01    0.430224E+01    0.374707E-02    0.214309E+01    0.162909E+02    0.533566E+00    0.137172E+00
    0.760000E+01   -0.349963E+01    0.412439E+01   -0.229031E-01    0.211053E+01    0.162573E+02    0.532672E+00    0.140966E+00
    0.770000E+01   -0.341494E+01    0.395652E+01   -0.482865E-01    0.207863E+01    0.162223E+02    0.531746E+00    0.144843E+00
    0.780000E+01   -0.333144E+01    0.379787E+01   -0.724979E-01    0.204736E+01    0.161858E+02    0.530792E+00    0.148806E+00
    0.790000E+01   -0.324925E+01    0.364775E+01   -0.956223E-01    0.201672E+01    0.161479E+02    0.529815E+00    0.152858E+00
    0.800000E+01   -0.316847E+01    0.350554E+01   -0.117736E+00    0.198667E+01    0.161087E+02    0.528817E+00    0.157002E+00
    0.810000E+01   -0.308915E+01    0.337067E+01   -0.138905E+00    0.195720E+01    0.160681E+02    0.527799E+00    0.161243E+00
    0.820000E+01   -0.301131E+01    0.324263E+01   -0.159192E+00    0.192828E+01    0.160261E+02    0.526762E+00    0.165587E+00
    0.830000E+01   -0.293499E+01    0.312097E+01   -0.178648E+00    0.189990E+01    0.159827E+02    0.525705E+00    0.170038E+00
    0.840000E+01   -0.286016E+01    0.300526E+01   -0.197320E+00    0.187202E+01    0.159380E+02    0.524627E+00    0.174601E+00
    0.850000E+01   -0.278684E+01    0.289514E+01   -0.215253E+00    0.184463E+01    0.158918E+02    0.523528E+00    0.179285E+00
    0.860000E+01   -0.271500E+01    0.279025E+01   -0.232483E+00    0.181771E+01    0.158441E+02    0.522406E+00    0.184094E+00
    0.870000E+01   -0.264462E+01    0.269029E+01   -0.249045E+00    0.179124E+01    0.157949E+02    0.521258E+00    0.189035E+00
    0.880000E+01   -0.257570E+01    0.259496E+01   -0.264971E+00    0.176521E+01    0.157443E+02    0.520082E+00    0.194117E+00
    0.890000E+01   -0.250820E+01    0.250401E+01   -0.280288E+00    0.173959E+01    0.156921E+02    0.518877E+00    0.199346E+00
    0.900000E+01   -0.244211E+01    0.241720E+01   -0.295022E+00    0.171438E+01    0.156384E+02    0.517638E+00    0.204730E+00
    0.910000E+01   -0.237740E+01    0.233431E+01   -0.309197E+00    0.168956E+01    0.155833E+02    0.516365E+00    0.210278E+00
    0.920000E+01   -0.231406E+01    0.225512E+01   -0.322835E+00    0.166512E+01    0.155266E+02    0.515055E+00    0.215999E+00
    0.930000E+01   -0.225206E+01    0.217945E+01   -0.335956E+00    0.164104E+01    0.154684E+02    0.513704E+00    0.221900E+00
    0.940000E+01   -0.219139E+01    0.210711E+01   -0.348580E+00    0.161732E+01    0.154088E+02    0.512312E+00    0.227991E+00
    0.950000E+01   -0.213202E+01    0.203795E+01   -0.360725E+00    0.159395E+01    0.153477E+02    0.510875E+00    0.234281E+00
    0.960000E+01   -0.207394E+01    0.197180E+01   -0.372408E+00    0.157093E+01    0.152852E+02    0.509394E+00    0.240780E+00
    0.970000E+01   -0.201714E+01    0.190852E+01   -0.383647E+00    0.154823E+01    0.152213E+02    0.507865E+00    0.247497E+00
    0.980000E+01   -0.196159E+01    0.184795E+01   -0.394458E+00    0.152587E+01    0.151560E+02    0.506288E+00    0.254442E+00
    0.990000E+01   -0.190728E+01    0.178998E+01   -0.404856E+00    0.150382E+01    0.150895E+02    0.504661E+00    0.261627E+00
    0.100000E+02   -0.185419E+01    0.173446E+01   -0.414857E+00    0.148209E+01    0.150216E+02    0.502985E+00    0.269061E+00
    0.101000E+02   -0.180230E+01    0.168129E+01   -0.424476E+00    0.146066E+01    0.149525E+02    0.501258E+00    0.276755E+00
    0.102000E+02   -0.175159E+01    0.163034E+01   -0.433727E+00    0.143953E+01    0.148821E+02    0.499479E+00    0.284722E+00
    0.103000E+02   -0.170205E+01    0.158150E+01   -0.442624E+00    0.141870E+01    0.148106E+02    0.497649E+00    0.292972E+00
    0.104000E+02   -0.165365E+01    0.153468E+01   -0.451181E+00    0.139816E+01    0.147379E+02    0.495767E+00    0.301520E+00
    0.105000E+02   -0.160638E+01    0.148977E+01   -0.459409E+00    0.137790E+01    0.146640E+02    0.493833E+00    0.310377E+00
    0.106000E+02   -0.156021E+01    0.144667E+01   -0.467322E+00    0.135792E+01    0.145890E+02    0.491847E+00    0.319557E+00
    0.107000E+02   -0.151512E+01    0.140531E+01   -0.474930E+00    0.133821E+01    0.145128E+02    0.489809E+00    0.329076E+00
    0.108000E+02   -0.147108E+01    0.136559E+01   -0.482247E+00    0.131877E+01    0.144356E+02    0.487719E+00    0.338947E+00
    0.109000E+02   -0.142809E+01    0.132744E+01   -0.489282E+00    0.129958E+01    0.143573E+02    0.485577E+00    0.349186E+00
    0.110000E+02   -0.138610E+01    0.129078E+01   -0.496046E+00    0.128065E+01    0.142780E+02    0.483382E+00    0.359810E+00
    0.111000E+02   -0.134511E+01    0.125553E+01   -0.502549E+00    0.126197E+01    0.141976E+02    0.481136E+00    0.370837E+00
    0.112000E+02   -0.130508E+01    0.122164E+01   -0.508800E+00    0.124353E+01    0.141161E+02    0.478838E+00    0.382284E+00
    0.113000E+02   -0.126600E+01    0.118903E+01   -0.514809E+00    0.122532E+01    0.140337E+02    0.476488E+00    0.394170E+00
    0.114000E+02   -0.122783E+01    0.115764E+01   -0.520583E+00    0.120734E+01    0.139501E+02    0.474086E+00    0.406516E+00
    0.115000E+02   -0.119057E+01    0.112742E+01   -0.526132E+00    0.118959E+01    0.138656E+02    0.471632E+00    0.419343E+00
    0.116000E+02   -0.115419E+01    0.109830E+01   -0.531462E+00    0.117205E+01    0.137800E+02    0.469126E+00    0.432673E+00
    0.117000E+02   -0.111865E+01    0.107025E+01   -0.536582E+00    0.115473E+01    0.136934E+02    0.466569E+00    0.446530E+00
    0.118000E+02   -0.108395E+01    0.104320E+01   -0.541497E+00    0.113762E+01    0.136057E+02    0.463959E+00    0.460938E+00
    0.119000E+02   -0.105006E+01    0.101712E+01   -0.546215E+00    0.112070E+01    0.135170E+02    0.461298E+00    0.475923E+00
    0.120000E+02   -0.101695E+01    0.991952E+00   -0.550741E+00    0.110399E+01    0.134273E+02    0.458583E+00    0.491513E+00
    0.121000E+02   -0.984612E+00    0.967661E+00   -0.555081E+00    0.108746E+01    0.133365E+02    0.455816E+00    0.507737E+00
    0.122000E+02   -0.953019E+00    0.944207E+00   -0.559241E+00    0.107111E+01    0.132446E+02    0.452995E+00    0.524626E+00
    0.123000E+02   -0.922150E+00    0.921553E+00   -0.563225E+00    0.105495E+01    0.131517E+02    0.450121E+00    0.542211E+00
    0.124000E+02   -0.891985E+00    0.899663E+00   -0.567038E+00    0.103896E+01    0.130576E+02    0.447192E+00    0.560527E+00
    0.125000E+02   -0.862507E+00    0.878503E+00   -0.570684E+00    0.102314E+01    0.129625E+02    0.444208E+00    0.579608E+00
    0.126000E+02   -0.833695E+00    0.858043E+00   -0.574166E+00    0.100749E+01    0.128663E+02    0.441169E+00    0.599491E+00
    0.127000E+02   -0.805532E+00    0.838253E+00   -0.577490E+00    0.991991E+00    0.127689E+02    0.438073E+00    0.620216E+00
    0.128000E+02   -0.777998E+00    0.819103E+00   -0.580657E+00    0.976651E+00    0.126705E+02    0.434920E+00    0.641824E+00
    0.129000E+02   -0.751079E+00    0.800567E+00   -0.583672E+00    0.961461E+00    0.125709E+02    0.431710E+00    0.664356E+00
    0.130000E+02   -0.724756E+00    0.782620E+00   -0.586536E+00    0.946419E+00    0.124701E+02    0.428441E+00    0.687858E+00
    0.131000E+02   -0.699013E+00    0.765237E+00   -0.589253E+00    0.931518E+00    0.123682E+02    0.425113E+00    0.712374E+00
    0.132000E+02   -0.673834E+00    0.748395E+00   -0.591824E+00    0.916756E+00    0.122651E+02    0.421725E+00    0.737954E+00
    0.133000E+02   -0.649206E+00    0.732071E+00   -0.594253E+00    0.902129E+00    0.121608E+02    0.418276E+00    0.764648E+00
    0.134000E+02   -0.625111E+00    0.716245E+00   -0.596541E+00    0.887632E+00    0.120554E+02    0.414766E+00    0.792507E+00
    0.135000E+02   -0.601537E+00    0.700897E+00   -0.598690E+00    0.873262E+00    0.119487E+02    0.411193E+00    0.821585E+00
    0.136000E+02   -0.578469E+00    0.686007E+00   -0.600702E+00    0.859016E+00    0.118409E+02    0.407557E+00    0.851937E+00
    0.137000E+02   -0.555894E+00    0.671556E+00   -0.602578E+00    0.844890E+00    0.117318E+02    0.403858E+00    0.883620E+00
    0.138000E+02   -0.533798E+00    0.657528E+00   -0.604318E+00    0.830880E+00    0.116215E+02    0.400093E+00    0.916693E+00
    0.139000E+02   -0.512168E+00    0.643905E+00   -0.605925E+00    0.816984E+00    0.115099E+02    0.396264E+00    0.951214E+00
    0.140000E+02   -0.490991E+00    0.630672E+00   -0.607399E+00    0.803198E+00    0.113971E+02    0.392368E+00    0.987245E+00
    0.141000E+02   -0.470257E+00    0.617813E+00   -0.608741E+00    0.789519E+00    0.112830E+02    0.388405E+00    0.102485E+01
    0.142000E+02   -0.449951E+00    0.605314E+00   -0.609950E+00    0.775945E+00    0.111677E+02    0.384374E+00    0.106408E+01
    0.143000E+02   -0.430063E+00    0.593160E+00   -0.611028E+00    0.762471E+00    0.110510E+02    0.380274E+00    0.110501E+01
    0.144000E+02   -0.410582E+00    0.581339E+00   -0.611974E+00    0.749097E+00    0.109331E+02    0.376104E+00    0.114768E+01
    0.145000E+02   -0.391496E+00    0.569837E+00   -0.612787E+00    0.735819E+00    0.108139E+02    0.371864E+00    0.119217E+01
    0.146000E+02   -0.372793E+00    0.558644E+00   -0.613467E+00    0.722635E+00    0.106934E+02    0.367551E+00    0.123852E+01
    0.147000E+02   -0.354465E+00    0.547746E+00   -0.614014E+00    0.709542E+00    0.105716E+02    0.363167E+00    0.128678E+01
    0.148000E+02   -0.336499E+00    0.537134E+00   -0.614427E+00    0.696539E+00    0.104484E+02    0.358708E+00    0.133700E+01
    0.149000E+02   -0.318887E+00    0.526796E+00   -0.614703E+00    0.683623E+00    0.103240E+02    0.354176E+00    0.138922E+01
    0.150000E+02   -0.301618E+00    0.516724E+00   -0.614842E+00    0.670794E+00    0.101982E+02    0.349568E+00    0.144345E+01
    0.151000E+02   -0.284683E+00    0.506907E+00   -0.614842E+00    0.658050E+00    0.100712E+02    0.344884E+00    0.149973E+01
    0.152000E+02   -0.268073E+00    0.497337E+00   -0.614700E+00    0.645390E+00    0.994281E+01    0.340123E+00    0.155804E+01
    0.153000E+02   -0.251778E+00    0.488006E+00   -0.614416E+00    0.632813E+00    0.981320E+01    0.335285E+00    0.161837E+01
    0.154000E+02   -0.235789E+00    0.478905E+00   -0.613986E+00    0.620320E+00    0.968232E+01    0.330369E+00    0.168068E+01
    0.155000E+02   -0.220100E+00    0.470026E+00   -0.613407E+00    0.607909E+00    0.955023E+01    0.325375E+00    0.174492E+01
    0.156000E+02   -0.204700E+00    0.461363E+00   -0.612678E+00    0.595582E+00    0.941693E+01    0.320303E+00    0.181099E+01
    0.157000E+02   -0.189582E+00    0.452909E+00   -0.611796E+00    0.583339E+00    0.928248E+01    0.315154E+00    0.187876E+01
    0.158000E+02   -0.174739E+00    0.444658E+00   -0.610757E+00    0.571182E+00    0.914693E+01    0.309928E+00    0.194808E+01
    0.159000E+02   -0.160163E+00    0.436602E+00   -0.609558E+00    0.559113E+00    0.901032E+01    0.304625E+00    0.201875E+01
    0.160000E+02   -0.145847E+00    0.428737E+00   -0.608197E+00    0.547135E+00    0.887274E+01    0.299248E+00    0.209051E+01
    0.161000E+02   -0.131784E+00    0.421057E+00   -0.606672E+00    0.535249E+00    0.873424E+01    0.293799E+00    0.216308E+01
    0.162000E+02   -0.117968E+00    0.413557E+00   -0.604978E+00    0.523460E+00    0.859493E+01    0.288280E+00    0.223610E+01
    0.163000E+02   -0.104392E+00    0.406231E+00   -0.603114E+00    0.511773E+00    0.845489E+01    0.282693E+00    0.230916E+01
    0.164000E+02   -0.910508E-01    0.399075E+00   -0.601077E+00    0.500190E+00    0.831424E+01    0.277044E+00    0.238181E+01
    0.165000E+02   -0.779374E-01    0.392084E+00   -0.598866E+00    0.488719E+00    0.817310E+01    0.271335E+00    0.245353E+01
    0.166000E+02   -0.650468E-01    0.385254E+00   -0.596478E+00    0.477364E+00    0.803159E+01    0.265573E+00    0.252374E+01
    0.167000E+02   -0.523734E-01    0.378581E+00   -0.593913E+00    0.466133E+00    0.788986E+01    0.259763E+00    0.259184E+01
    0.168000E+02   -0.399122E-01    0.372060E+00   -0.591171E+00    0.455031E+00    0.774807E+01    0.253912E+00    0.265716E+01
    0.169000E+02   -0.276581E-01    0.365688E+00   -0.588251E+00    0.444067E+00    0.760638E+01    0.248026E+00    0.271902E+01
    0.170000E+02   -0.156062E-01    0.359461E+00   -0.585155E+00    0.433247E+00    0.746496E+01    0.242115E+00    0.277671E+01
    0.171000E+02   -0.375215E-02    0.353375E+00   -0.581884E+00    0.422579E+00    0.732399E+01    0.236187E+00    0.282954E+01
    0.172000E+02    0.790865E-02    0.347427E+00   -0.578440E+00    0.412073E+00    0.718366E+01    0.230251E+00    0.287681E+01
    0.173000E+02    0.193804E-01    0.341613E+00   -0.574828E+00    0.401735E+00    0.704416E+01    0.224318E+00    0.291789E+01
    0.174000E+02    0.306672E-01    0.335931E+00   -0.571050E+00    0.391574E+00    0.690569E+01    0.218396E+00    0.295220E+01
    0.175000E+02    0.417731E-01    0.330377E+00   -0.567114E+00    0.381598E+00    0.676843E+01    0.212498E+00    0.297921E+01
    0.176000E+02    0.527017E-01    0.324948E+00   -0.563024E+00    0.371815E+00    0.663258E+01    0.206633E+00    0.299854E+01
    0.177000E+02    0.634568E-01    0.319641E+00   -0.558788E+00    0.362231E+00    0.649834E+01    0.200813E+00    0.300988E+01
    0.178000E+02    0.740418E-01    0.314453E+00   -0.554414E+00    0.352853E+00    0.636587E+01    0.195048E+00    0.301307E+01
    0.179000E+02    0.844602E-01    0.309382E+00   -0.549909E+00    0.343688E+00    0.623535E+01    0.189349E+00    0.300807E+01
    0.180000E+02    0.947153E-01    0.304423E+00   -0.545284E+00    0.334740E+00    0.610695E+01    0.183725E+00    0.299498E+01
    0.181000E+02    0.104810E+00    0.299576E+00   -0.540548E+00    0.326015E+00    0.598080E+01    0.178188E+00    0.297402E+01
    0.182000E+02    0.114748E+00    0.294837E+00   -0.535712E+00    0.317515E+00    0.585705E+01    0.172744E+00    0.294554E+01
    0.183000E+02    0.124532E+00    0.290203E+00   -0.530785E+00    0.309243E+00    0.573581E+01    0.167403E+00    0.291000E+01
    0.184000E+02    0.134164E+00    0.285673E+00   -0.525778E+00    0.301202E+00    0.561718E+01    0.162172E+00    0.286794E+01
    0.185000E+02    0.143648E+00    0.281243E+00   -0.520703E+00    0.293391E+00    0.550125E+01    0.157057E+00    0.281998E+01
    0.186000E+02    0.152986E+00    0.276911E+00   -0.515569E+00    0.285810E+00    0.538808E+01    0.152063E+00    0.276678E+01
    0.187000E+02    0.162181E+00    0.272675E+00   -0.510387E+00    0.278460E+00    0.527773E+01    0.147197E+00    0.270903E+01
    0.188000E+02    0.171235E+00    0.268532E+00   -0.505168E+00    0.271337E+00    0.517023E+01    0.142460E+00    0.264744E+01
    0.189000E+02    0.180151E+00    0.264480E+00   -0.499921E+00    0.264439E+00    0.506559E+01    0.137856E+00    0.258271E+01
    0.190000E+02    0.188931E+00    0.260518E+00   -0.494656E+00    0.257763E+00    0.496383E+01    0.133387E+00    0.251551E+01
    0.191000E+02    0.197578E+00    0.256641E+00   -0.489381E+00    0.251304E+00    0.486493E+01    0.129054E+00    0.244649E+01
    0.192000E+02    0.206094E+00    0.252850E+00   -0.484105E+00    0.245059E+00    0.476887E+01    0.124857E+00    0.237623E+01
    0.193000E+02    0.214481E+00    0.249140E+00   -0.478835E+00    0.239023E+00    0.467562E+01    0.120795E+00    0.230530E+01
    0.194000E+02    0.222741E+00    0.245511E+00   -0.473579E+00    0.233189E+00    0.458515E+01    0.116869E+00    0.223416E+01
    0.195000E+02    0.230877E+00    0.241960E+00   -0.468344E+00    0.227553E+00    0.449739E+01    0.113075E+00    0.216327E+01
    0.196000E+02    0.238891E+00    0.238485E+00   -0.463135E+00    0.222109E+00    0.441231E+01    0.109413E+00    0.209300E+01
    0.197000E+02    0.246785E+00    0.235084E+00   -0.457959E+00    0.216851E+00    0.432983E+01    0.105880E+00    0.202367E+01
    0.198000E+02    0.254560E+00    0.231755E+00   -0.452819E+00    0.211772E+00    0.424988E+01    0.102473E+00    0.195555E+01
    0.199000E+02    0.262219E+00    0.228497E+00   -0.447720E+00    0.206867E+00    0.417241E+01    0.991888E-01    0.188888E+01
    0.200000E+02    0.269764E+00    0.225307E+00   -0.442667E+00    0.202129E+00    0.409734E+01    0.960245E-01    0.182382E+01
