    3  0.00000000E+00  9.86129921E+00  4.43065450E+00  3.79090445E-02
    2  1.00000000E-01  9.86204843E+00  4.43480608E+00  3.79278264E-02
    1  2.00000000E-01  9.86428572E+00  4.44726732E+00  3.79841068E-02
    1  3.00000000E-01  9.86799452E+00  4.46816593E+00  3.80782046E-02
    1  4.00000000E-01  9.87304049E+00  4.49749327E+00  3.82100776E-02
    1  5.00000000E-01  9.87932106E+00  4.53544013E+00  3.83802488E-02
    1  6.00000000E-01  9.88666888E+00  4.58215259E+00  3.85890360E-02
    1  7.00000000E-01  9.89487501E+00  4.63782536E+00  3.88369116E-02
    1  8.00000000E-01  9.90368336E+00  4.70268893E+00  3.91244450E-02
    1  9.00000000E-01  9.91278323E+00  4.77700426E+00  3.94522983E-02
    1  1.00000000E+00  9.92180303E+00  4.86106193E+00  3.98212367E-02
    1  1.10000000E+00  9.93030247E+00  4.95517830E+00  4.02321309E-02
    1  1.20000000E+00  9.93776372E+00  5.05969072E+00  4.06859622E-02
    1  1.30000000E+00  9.94358158E+00  5.17495098E+00  4.11838269E-02
    1  1.40000000E+00  9.94705271E+00  5.30131661E+00  4.17269403E-02
    1  1.50000000E+00  9.94736416E+00  5.43913936E+00  4.23166404E-02
    1  1.60000000E+00  9.94358171E+00  5.58875032E+00  4.29543889E-02
    1  1.70000000E+00  9.93463837E+00  5.75044102E+00  4.36417712E-02
    1  1.80000000E+00  9.91932426E+00  5.92443972E+00  4.43804919E-02
    1  1.90000000E+00  9.89627880E+00  6.11088244E+00  4.51723666E-02
    1  2.00000000E+00  9.86398702E+00  6.30977821E+00  4.60193078E-02
    1  2.10000000E+00  9.82078211E+00  6.52096852E+00  4.69233027E-02
    1  2.20000000E+00  9.76485662E+00  6.74408170E+00  4.78863826E-02
    1  2.30000000E+00  9.69428513E+00  6.97848347E+00  4.89105827E-02
    1  2.40000000E+00  9.60706122E+00  7.22322654E+00  4.99978901E-02
    1  2.50000000E+00  9.50115110E+00  7.47700320E+00  5.11501825E-02
    1  2.60000000E+00  9.37456486E+00  7.73810650E+00  5.23691580E-02
    1  2.70000000E+00  9.22544490E+00  8.00440654E+00  5.36562610E-02
    1  2.80000000E+00  9.05216786E+00  8.27334911E+00  5.50126102E-02
    1  2.90000000E+00  8.85345358E+00  8.54198279E+00  5.64389363E-02
    1  3.00000000E+00  8.62847140E+00  8.80701860E+00  5.79355393E-02
    1  3.10000000E+00  8.37693248E+00  9.06492219E+00  5.95022736E-02
    1  3.20000000E+00  8.09915626E+00  9.31203371E+00  6.11385669E-02
    1  3.30000000E+00  7.79610203E+00  9.54470586E+00  6.28434758E-02
    1  3.40000000E+00  7.46936062E+00  9.75944724E+00  6.46157722E-02
    1  3.50000000E+00  7.12110723E+00  9.95305712E+00  6.64540535E-02
    1  3.60000000E+00  6.75402144E+00  1.01227397E+01  6.83568620E-02
    1  3.70000000E+00  6.37118457E+00  1.02661900E+01  7.03228000E-02
    1  3.80000000E+00  5.97596533E+00  1.03816486E+01  7.23506271E-02
    1  3.90000000E+00  5.57190413E+00  1.04679259E+01  7.44393315E-02
    1  4.00000000E+00  5.16260316E+00  1.05244012E+01  7.65881710E-02
    1  4.10000000E+00  4.75162710E+00  1.05510015E+01  7.87966843E-02
    1  4.20000000E+00  4.34241612E+00  1.05481647E+01  8.10646776E-02
    1  4.30000000E+00  3.93821162E+00  1.05167923E+01  8.33921939E-02
    1  4.40000000E+00  3.54199471E+00  1.04581934E+01  8.57794721E-02
    1  4.50000000E+00  3.15643711E+00  1.03740222E+01  8.82269044E-02
    1  4.60000000E+00  2.78386483E+00  1.02662117E+01  9.07349962E-02
    1  4.70000000E+00  2.42623495E+00  1.01369043E+01  9.33043344E-02
    1  4.80000000E+00  2.08512549E+00  9.98838264E+00  9.59355637E-02
    1  4.90000000E+00  1.76173816E+00  9.82300273E+00  9.86293738E-02
    1  5.00000000E+00  1.45691280E+00  9.64313202E+00  1.01386494E-01
    1  5.10000000E+00  1.17115188E+00  9.45109466E+00  1.04207695E-01
    1  5.20000000E+00  9.04652607E-01  9.24912556E+00  1.07093794E-01
    1  5.30000000E+00  6.57344235E-01  9.03933408E+00  1.10045668E-01
    1  5.40000000E+00  4.28928066E-01  8.82367747E+00  1.13064257E-01
    1  5.50000000E+00  2.18917756E-01  8.60394368E+00  1.16150577E-01
    1  5.60000000E+00  2.66781748E-02  8.38174233E+00  1.19305728E-01
    1  5.70000000E+00 -1.48538611E-01  8.15850264E+00  1.22530895E-01
    1  5.80000000E+00 -3.07561109E-01  7.93547701E+00  1.25827356E-01
    1  5.90000000E+00 -4.51270377E-01  7.71374863E+00  1.29196481E-01
    1  6.00000000E+00 -5.80576325E-01  7.49424204E+00  1.32639732E-01
    1  6.10000000E+00 -6.96398188E-01  7.27773550E+00  1.36158661E-01
    1  6.20000000E+00 -7.99648854E-01  7.06487428E+00  1.39754908E-01
    1  6.30000000E+00 -8.91222617E-01  6.85618422E+00  1.43430196E-01
    1  6.40000000E+00 -9.71985925E-01  6.65208497E+00  1.47186332E-01
    1  6.50000000E+00 -1.04277064E+00  6.45290277E+00  1.51025200E-01
    1  6.60000000E+00 -1.10436937E+00  6.25888224E+00  1.54948760E-01
    1  6.70000000E+00 -1.15753257E+00  6.07019742E+00  1.58959045E-01
    1  6.80000000E+00 -1.20296689E+00  5.88696164E+00  1.63058162E-01
    1  6.90000000E+00 -1.24133471E+00  5.70923651E+00  1.67248285E-01
    1  7.00000000E+00 -1.27325441E+00  5.53703989E+00  1.71531661E-01
    1  7.10000000E+00 -1.29930131E+00  5.37035295E+00  1.75910609E-01
    1  7.20000000E+00 -1.32000905E+00  5.20912639E+00  1.80387517E-01
    1  7.30000000E+00 -1.33587128E+00  5.05328589E+00  1.84964846E-01
    1  7.40000000E+00 -1.34734359E+00  4.90273679E+00  1.89645131E-01
    1  7.50000000E+00 -1.35484555E+00  4.75736824E+00  1.94430984E-01
    1  7.60000000E+00 -1.35876285E+00  4.61705672E+00  1.99325095E-01
    1  7.70000000E+00 -1.35944942E+00  4.48166904E+00  2.04330234E-01
    1  7.80000000E+00 -1.35722956E+00  4.35106494E+00  2.09449255E-01
    1  7.90000000E+00 -1.35240002E+00  4.22509933E+00  2.14685096E-01
    1  8.00000000E+00 -1.34523198E+00  4.10362406E+00  2.20040783E-01
    1  8.10000000E+00 -1.33597299E+00  3.98648954E+00  2.25519431E-01
    1  8.20000000E+00 -1.32484879E+00  3.87354599E+00  2.31124248E-01
    1  8.30000000E+00 -1.31206505E+00  3.76464456E+00  2.36858535E-01
    1  8.40000000E+00 -1.29780896E+00  3.65963815E+00  2.42725686E-01
    1  8.50000000E+00 -1.28225079E+00  3.55838212E+00  2.48729193E-01
    1  8.60000000E+00 -1.26554530E+00  3.46073489E+00  2.54872643E-01
    1  8.70000000E+00 -1.24783305E+00  3.36655832E+00  2.61159721E-01
    1  8.80000000E+00 -1.22924161E+00  3.27571808E+00  2.67594209E-01
    1  8.90000000E+00 -1.20988674E+00  3.18808384E+00  2.74179984E-01
    1  9.00000000E+00 -1.18987336E+00  3.10352951E+00  2.80921023E-01
    1  9.10000000E+00 -1.16929657E+00  3.02193326E+00  2.87821394E-01
    1  9.20000000E+00 -1.14824248E+00  2.94317761E+00  2.94885260E-01
    1  9.30000000E+00 -1.12678904E+00  2.86714944E+00  3.02116879E-01
    1  9.40000000E+00 -1.10500678E+00  2.79373993E+00  3.09520594E-01
    1  9.50000000E+00 -1.08295944E+00  2.72284453E+00  3.17100838E-01
    1  9.60000000E+00 -1.06070465E+00  2.65436288E+00  3.24862126E-01
    1  9.70000000E+00 -1.03829440E+00  2.58819869E+00  3.32809056E-01
    1  9.80000000E+00 -1.01577564E+00  2.52425964E+00  3.40946299E-01
    1  9.90000000E+00 -9.93190670E-01  2.46245728E+00  3.49278599E-01
    1  1.00000000E+01 -9.70577592E-01  2.40270686E+00  3.57810767E-01
    1  1.01000000E+01 -9.47970684E-01  2.34492725E+00  3.66547675E-01
    1  1.02000000E+01 -9.25400747E-01  2.28904076E+00  3.75494245E-01
    0  1.03000000E+01 -9.02830810E-01  2.23315427E+00  3.84888472E-01
    1  1.04000000E+01 -8.80483701E-01  2.18268350E+00  3.94031796E-01
    0  1.05000000E+01 -8.58136593E-01  2.13221273E+00  4.03619515E-01
    0  1.06000000E+01 -8.35789484E-01  2.08174195E+00  4.13684788E-01
    1  1.07000000E+01 -8.13980738E-01  2.03553810E+00  4.23542774E-01
    0  1.08000000E+01 -7.92171993E-01  1.98933424E+00  4.33880000E-01
    1  1.09000000E+01 -7.70437350E-01  1.94498220E+00  4.44411997E-01
    0  1.10000000E+01 -7.48702706E-01  1.90063016E+00  4.55464316E-01
    1  1.11000000E+01 -7.27659688E-01  1.86000059E+00  4.66271809E-01
    0  1.12000000E+01 -7.06616670E-01  1.81937101E+00  4.77598156E-01
    0  1.13000000E+01 -6.85573651E-01  1.77874144E+00  4.89481166E-01
    1  1.14000000E+01 -6.65083584E-01  1.74196062E+00  5.01029445E-01
    0  1.15000000E+01 -6.44593517E-01  1.70517979E+00  5.13123234E-01
    0  1.16000000E+01 -6.24103449E-01  1.66839897E+00  5.25801228E-01
    1  1.17000000E+01 -6.04588772E-01  1.63420027E+00  5.38249649E-01
    0  1.18000000E+01 -5.85074095E-01  1.60000157E+00  5.51284275E-01
    0  1.19000000E+01 -5.65559418E-01  1.56580287E+00  5.64946269E-01
    1  1.20000000E+01 -5.46280456E-01  1.53561585E+00  5.78051446E-01
    0  1.21000000E+01 -5.27001494E-01  1.50542883E+00  5.91745792E-01
    1  1.22000000E+01 -5.08656145E-01  1.47450090E+00  6.06071194E-01
    0  1.23000000E+01 -4.90310797E-01  1.44357298E+00  6.21076558E-01
    1  1.24000000E+01 -4.72045148E-01  1.41682258E+00  6.35285813E-01
    0  1.25000000E+01 -4.53779500E-01  1.39007218E+00  6.50108248E-01
    1  1.26000000E+01 -4.36430430E-01  1.36227157E+00  6.65738794E-01
    1  1.27000000E+01 -4.19004650E-01  1.33613341E+00  6.81416547E-01
    0  1.28000000E+01 -4.01578870E-01  1.30999524E+00  6.97788406E-01
    1  1.29000000E+01 -3.84892988E-01  1.28595368E+00  7.13697291E-01
    0  1.30000000E+01 -3.68207105E-01  1.26191212E+00  7.30273781E-01
    0  1.31000000E+01 -3.51521223E-01  1.23787055E+00  7.47555723E-01
    1  1.32000000E+01 -3.35558111E-01  1.21558844E+00  7.64398681E-01
    0  1.33000000E+01 -3.19594998E-01  1.19330632E+00  7.81921206E-01
    0  1.34000000E+01 -3.03631886E-01  1.17102420E+00  8.00158664E-01
    1  1.35000000E+01 -2.88372819E-01  1.15061189E+00  8.17738041E-01
    0  1.36000000E+01 -2.73113752E-01  1.13019959E+00  8.35982163E-01
    0  1.37000000E+01 -2.57854685E-01  1.10978728E+00  8.54920945E-01
    1  1.38000000E+01 -2.43273614E-01  1.09051332E+00  8.73527825E-01
    0  1.39000000E+01 -2.28692543E-01  1.07123937E+00  8.92808053E-01
    0  1.40000000E+01 -2.14111471E-01  1.05196541E+00  9.12788095E-01
    1  1.41000000E+01 -2.00174391E-01  1.03482246E+00  9.31494300E-01
    0  1.42000000E+01 -1.86237311E-01  1.01767952E+00  9.50786074E-01
    1  1.43000000E+01 -1.72519755E-01  9.99937088E-01  9.71154737E-01
    0  1.44000000E+01 -1.58802199E-01  9.82194659E-01  9.92191498E-01
    1  1.45000000E+01 -1.45696250E-01  9.66740926E-01  1.01143057E+00
    0  1.46000000E+01 -1.32590301E-01  9.51287192E-01  1.03117488E+00
    1  1.47000000E+01 -1.19680342E-01  9.35093253E-01  1.05217654E+00
    0  1.48000000E+01 -1.06770382E-01  9.18899314E-01  1.07376166E+00
    1  1.49000000E+01 -9.44465671E-02  9.04937771E-01  1.09314112E+00
    0  1.50000000E+01 -8.21227523E-02  8.90976227E-01  1.11290955E+00
    1  1.51000000E+01 -6.99706831E-02  8.76149685E-01  1.13412419E+00
    0  1.52000000E+01 -5.78186139E-02  8.61323142E-01  1.15579629E+00
    1  1.53000000E+01 -4.62284123E-02  8.48683776E-01  1.17480945E+00
    0  1.54000000E+01 -3.46382107E-02  8.36044410E-01  1.19405907E+00
    1  1.55000000E+01 -2.31954229E-02  8.22429224E-01  1.21494369E+00
    0  1.56000000E+01 -1.17526352E-02  8.08814037E-01  1.23611715E+00
    1  1.57000000E+01 -8.48887719E-04  7.97349833E-01  1.25415323E+00
    0  1.58000000E+01  1.00548598E-02  7.85885628E-01  1.27224153E+00
    1  1.59000000E+01  2.08351368E-02  7.73346884E-01  1.29214290E+00
    0  1.60000000E+01  3.16154139E-02  7.60808139E-01  1.31212602E+00
    1  1.61000000E+01  4.18778889E-02  7.50391612E-01  1.32849983E+00
    0  1.62000000E+01  5.21403639E-02  7.39975085E-01  1.34472040E+00
    1  1.63000000E+01  6.23026176E-02  7.28395749E-01  1.36290892E+00
    1  1.64000000E+01  7.22886667E-02  7.17756258E-01  1.37924035E+00
    0  1.65000000E+01  8.22747158E-02  7.07116766E-01  1.39530414E+00
    0  1.66000000E+01  9.22607649E-02  6.96477274E-01  1.41103658E+00
    1  1.67000000E+01  1.01375732E-01  6.87144119E-01  1.42429796E+00
    0  1.68000000E+01  1.10490699E-01  6.77810963E-01  1.43714880E+00
    0  1.69000000E+01  1.19605666E-01  6.68477807E-01  1.44953178E+00
    0  1.70000000E+01  1.28720633E-01  6.59144652E-01  1.46138628E+00
    0  1.71000000E+01  1.37835600E-01  6.49811496E-01  1.47264849E+00
    0  1.72000000E+01  1.46950567E-01  6.40478340E-01  1.48325150E+00
    0  1.73000000E+01  1.56065534E-01  6.31145185E-01  1.49312549E+00
    1  1.74000000E+01  1.64487106E-01  6.22690977E-01  1.50118343E+00
    0  1.75000000E+01  1.72908679E-01  6.14236768E-01  1.50849846E+00
    0  1.76000000E+01  1.81330251E-01  6.05782560E-01  1.51501252E+00
    1  1.77000000E+01  1.89645003E-01  5.97730326E-01  1.51998788E+00
    0  1.78000000E+01  1.97959756E-01  5.89678092E-01  1.52407706E+00
    1  1.79000000E+01  2.05824174E-01  5.81896868E-01  1.52741844E+00
    0  1.80000000E+01  2.13688592E-01  5.74115644E-01  1.52986707E+00
    1  1.81000000E+01  2.21560277E-01  5.66659374E-01  1.53071832E+00
    0  1.82000000E+01  2.29431963E-01  5.59203105E-01  1.53060760E+00
    1  1.83000000E+01  2.36851597E-01  5.52003858E-01  1.52991475E+00
    0  1.84000000E+01  2.44271231E-01  5.44804610E-01  1.52828728E+00
    1  1.85000000E+01  2.51730867E-01  5.37886806E-01  1.52509519E+00
    0  1.86000000E+01  2.59190503E-01  5.30969002E-01  1.52093137E+00
    1  1.87000000E+01  2.66194519E-01  5.24297971E-01  1.51641700E+00
    0  1.88000000E+01  2.73198535E-01  5.17626941E-01  1.51098827E+00
    1  1.89000000E+01  2.80274164E-01  5.11196910E-01  1.50406936E+00
    0  1.90000000E+01  2.87349793E-01  5.04766879E-01  1.49622842E+00
    1  1.91000000E+01  2.93965185E-01  4.98576324E-01  1.48831472E+00
    0  1.92000000E+01  3.00580578E-01  4.92385768E-01  1.47955821E+00
    1  1.93000000E+01  3.07298123E-01  4.86398548E-01  1.46941239E+00
    0  1.94000000E+01  3.14015668E-01  4.80411327E-01  1.45843971E+00
    1  1.95000000E+01  3.20267404E-01  4.74658725E-01  1.44769470E+00
    0  1.96000000E+01  3.26519140E-01  4.68906124E-01  1.43621374E+00
    1  1.97000000E+01  3.32902561E-01  4.63321723E-01  1.42345420E+00
    0  1.98000000E+01  3.39285981E-01  4.57737322E-01  1.40999116E+00
    1  1.99000000E+01  3.45197152E-01  4.52384694E-01  1.39705545E+00
    0  2.00000000E+01  3.51108322E-01  4.47032066E-01  1.38350882E+00
