#   omega (eV)      epsilon_1       epsilon_2       n               kappa           mu (cm^(-1))    R               epsinv   
    0.000000E+00    0.991380E+01    0.445690E+01    0.222361E+01    0.691290E+00    0.000000E+00    0.296031E+00    0.377232E-01
    0.100000E+00    0.991456E+01    0.446108E+01    0.222386E+01    0.691886E+00    0.701258E-01    0.296089E+00    0.377419E-01
    0.200000E+00    0.991682E+01    0.447365E+01    0.222459E+01    0.693676E+00    0.140614E+00    0.296262E+00    0.377980E-01
    0.300000E+00    0.992053E+01    0.449465E+01    0.222581E+01    0.696668E+00    0.211832E+00    0.296551E+00    0.378915E-01
    0.400000E+00    0.992560E+01    0.452417E+01    0.222751E+01    0.700876E+00    0.284148E+00    0.296956E+00    0.380228E-01
    0.500000E+00    0.993191E+01    0.456235E+01    0.222967E+01    0.706318E+00    0.357943E+00    0.297478E+00    0.381922E-01
    0.600000E+00    0.993929E+01    0.460935E+01    0.223229E+01    0.713017E+00    0.433605E+00    0.298116E+00    0.383999E-01
    0.700000E+00    0.994753E+01    0.466536E+01    0.223533E+01    0.721002E+00    0.511538E+00    0.298873E+00    0.386465E-01
    0.800000E+00    0.995638E+01    0.473062E+01    0.223879E+01    0.730307E+00    0.592160E+00    0.299747E+00    0.389325E-01
    0.900000E+00    0.996553E+01    0.480538E+01    0.224262E+01    0.740972E+00    0.675908E+00    0.300740E+00    0.392586E-01
    0.100000E+01    0.997459E+01    0.488994E+01    0.224679E+01    0.753042E+00    0.763242E+00    0.301852E+00    0.396255E-01
    0.110000E+01    0.998313E+01    0.498462E+01    0.225127E+01    0.766565E+00    0.854644E+00    0.303085E+00    0.400341E-01
    0.120000E+01    0.999063E+01    0.508976E+01    0.225600E+01    0.781597E+00    0.950622E+00    0.304438E+00    0.404854E-01
    0.130000E+01    0.999647E+01    0.520571E+01    0.226092E+01    0.798196E+00    0.105171E+01    0.305912E+00    0.409805E-01
    0.140000E+01    0.999995E+01    0.533282E+01    0.226596E+01    0.816425E+00    0.115848E+01    0.307508E+00    0.415206E-01
    0.150000E+01    0.100003E+02    0.547147E+01    0.227104E+01    0.836348E+00    0.127152E+01    0.309225E+00    0.421070E-01
    0.160000E+01    0.999644E+01    0.562197E+01    0.227607E+01    0.858034E+00    0.139145E+01    0.311063E+00    0.427411E-01
    0.170000E+01    0.998744E+01    0.578462E+01    0.228094E+01    0.881549E+00    0.151893E+01    0.313021E+00    0.434246E-01
    0.180000E+01    0.997202E+01    0.595964E+01    0.228551E+01    0.906958E+00    0.165464E+01    0.315097E+00    0.441591E-01
    0.190000E+01    0.994883E+01    0.614719E+01    0.228965E+01    0.934323E+00    0.179926E+01    0.317289E+00    0.449464E-01
    0.200000E+01    0.991634E+01    0.634726E+01    0.229318E+01    0.963697E+00    0.195350E+01    0.319595E+00    0.457884E-01
    0.210000E+01    0.987287E+01    0.655969E+01    0.229593E+01    0.995121E+00    0.211806E+01    0.322009E+00    0.466872E-01
    0.220000E+01    0.981660E+01    0.678412E+01    0.229768E+01    0.102862E+01    0.229362E+01    0.324526E+00    0.476446E-01
    0.230000E+01    0.974561E+01    0.701989E+01    0.229820E+01    0.106420E+01    0.248082E+01    0.327140E+00    0.486628E-01
    0.240000E+01    0.965787E+01    0.726607E+01    0.229726E+01    0.110184E+01    0.268023E+01    0.329841E+00    0.497437E-01
    0.250000E+01    0.955133E+01    0.752133E+01    0.229458E+01    0.114147E+01    0.289233E+01    0.332621E+00    0.508891E-01
    0.260000E+01    0.942401E+01    0.778396E+01    0.228991E+01    0.118300E+01    0.311748E+01    0.335467E+00    0.521008E-01
    0.270000E+01    0.927402E+01    0.805182E+01    0.228296E+01    0.122630E+01    0.335587E+01    0.338365E+00    0.533801E-01
    0.280000E+01    0.909974E+01    0.832234E+01    0.227347E+01    0.127118E+01    0.360751E+01    0.341303E+00    0.547282E-01
    0.290000E+01    0.889989E+01    0.859255E+01    0.226120E+01    0.131739E+01    0.387219E+01    0.344263E+00    0.561458E-01
    0.300000E+01    0.867361E+01    0.885916E+01    0.224591E+01    0.136467E+01    0.414945E+01    0.347230E+00    0.576332E-01
    0.310000E+01    0.842063E+01    0.911861E+01    0.222743E+01    0.141267E+01    0.443861E+01    0.350186E+00    0.591902E-01
    0.320000E+01    0.814125E+01    0.936721E+01    0.220561E+01    0.146106E+01    0.473874E+01    0.353117E+00    0.608163E-01
    0.330000E+01    0.783644E+01    0.960131E+01    0.218039E+01    0.150945E+01    0.504867E+01    0.356005E+00    0.625106E-01
    0.340000E+01    0.750778E+01    0.981739E+01    0.215174E+01    0.155746E+01    0.536708E+01    0.358836E+00    0.642718E-01
    0.350000E+01    0.715747E+01    0.100122E+02    0.211969E+01    0.160468E+01    0.569246E+01    0.361597E+00    0.660986E-01
    0.360000E+01    0.678819E+01    0.101830E+02    0.208434E+01    0.165075E+01    0.602321E+01    0.364277E+00    0.679896E-01
    0.370000E+01    0.640305E+01    0.103273E+02    0.204584E+01    0.169532E+01    0.635765E+01    0.366866E+00    0.699433E-01
    0.380000E+01    0.600543E+01    0.104435E+02    0.200437E+01    0.173806E+01    0.669408E+01    0.369354E+00    0.719585E-01
    0.390000E+01    0.559890E+01    0.105304E+02    0.196017E+01    0.177868E+01    0.703081E+01    0.371735E+00    0.740343E-01
    0.400000E+01    0.518710E+01    0.105872E+02    0.191348E+01    0.181693E+01    0.736619E+01    0.374003E+00    0.761698E-01
    0.410000E+01    0.477361E+01    0.106140E+02    0.186458E+01    0.185262E+01    0.769863E+01    0.376152E+00    0.783645E-01
    0.420000E+01    0.436189E+01    0.106111E+02    0.181376E+01    0.188557E+01    0.802666E+01    0.378179E+00    0.806184E-01
    0.430000E+01    0.395523E+01    0.105795E+02    0.176133E+01    0.191565E+01    0.834888E+01    0.380080E+00    0.829313E-01
    0.440000E+01    0.355661E+01    0.105205E+02    0.170758E+01    0.194278E+01    0.866403E+01    0.381851E+00    0.853035E-01
    0.450000E+01    0.316872E+01    0.104358E+02    0.165282E+01    0.196692E+01    0.897102E+01    0.383490E+00    0.877353E-01
    0.460000E+01    0.279391E+01    0.103273E+02    0.159735E+01    0.198804E+01    0.926886E+01    0.384996E+00    0.902274E-01
    0.470000E+01    0.243414E+01    0.101971E+02    0.154143E+01    0.200618E+01    0.955675E+01    0.386368E+00    0.927801E-01
    0.480000E+01    0.209100E+01    0.100477E+02    0.148535E+01    0.202138E+01    0.983404E+01    0.387605E+00    0.953942E-01
    0.490000E+01    0.176570E+01    0.988125E+01    0.142935E+01    0.203372E+01    0.101002E+02    0.388707E+00    0.980703E-01
    0.500000E+01    0.145908E+01    0.970026E+01    0.137365E+01    0.204332E+01    0.103550E+02    0.389676E+00    0.100809E+00
    0.510000E+01    0.117163E+01    0.950704E+01    0.131847E+01    0.205028E+01    0.105981E+02    0.390514E+00    0.103612E+00
    0.520000E+01    0.903572E+00    0.930383E+01    0.126398E+01    0.205475E+01    0.108295E+02    0.391223E+00    0.106478E+00
    0.530000E+01    0.654818E+00    0.909276E+01    0.121033E+01    0.205688E+01    0.110491E+02    0.391804E+00    0.109410E+00
    0.540000E+01    0.425070E+00    0.887579E+01    0.115766E+01    0.205681E+01    0.112572E+02    0.392263E+00    0.112408E+00
    0.550000E+01    0.213839E+00    0.865473E+01    0.110609E+01    0.205469E+01    0.114539E+02    0.392601E+00    0.115473E+00
    0.560000E+01    0.204852E-01    0.843118E+01    0.105569E+01    0.205070E+01    0.116395E+02    0.392823E+00    0.118607E+00
    0.570000E+01   -0.155744E+00    0.820660E+01    0.100653E+01    0.204497E+01    0.118142E+02    0.392933E+00    0.121809E+00
    0.580000E+01   -0.315682E+00    0.798223E+01    0.958672E+00    0.203766E+01    0.119785E+02    0.392934E+00    0.125083E+00
    0.590000E+01   -0.460217E+00    0.775918E+01    0.912145E+00    0.202892E+01    0.121328E+02    0.392830E+00    0.128428E+00
    0.600000E+01   -0.590262E+00    0.753836E+01    0.866972E+00    0.201887E+01    0.122773E+02    0.392626E+00    0.131847E+00
    0.610000E+01   -0.706744E+00    0.732056E+01    0.823164E+00    0.200765E+01    0.124126E+02    0.392325E+00    0.135340E+00
    0.620000E+01   -0.810581E+00    0.710643E+01    0.780720E+00    0.199538E+01    0.125389E+02    0.391932E+00    0.138910E+00
    0.630000E+01   -0.902673E+00    0.689650E+01    0.739633E+00    0.198217E+01    0.126568E+02    0.391449E+00    0.142559E+00
    0.640000E+01   -0.983891E+00    0.669119E+01    0.699889E+00    0.196812E+01    0.127666E+02    0.390880E+00    0.146287E+00
    0.650000E+01   -0.105507E+01    0.649082E+01    0.661467E+00    0.195334E+01    0.128687E+02    0.390229E+00    0.150098E+00
    0.660000E+01   -0.111702E+01    0.629566E+01    0.624341E+00    0.193791E+01    0.129635E+02    0.389498E+00    0.153992E+00
    0.670000E+01   -0.117047E+01    0.610585E+01    0.588483E+00    0.192191E+01    0.130512E+02    0.388692E+00    0.157972E+00
    0.680000E+01   -0.121616E+01    0.592154E+01    0.553862E+00    0.190543E+01    0.131324E+02    0.387813E+00    0.162040E+00
    0.690000E+01   -0.125474E+01    0.574276E+01    0.520444E+00    0.188851E+01    0.132073E+02    0.386864E+00    0.166198E+00
    0.700000E+01   -0.128683E+01    0.556955E+01    0.488195E+00    0.187124E+01    0.132761E+02    0.385847E+00    0.170449E+00
    0.710000E+01   -0.131302E+01    0.540188E+01    0.457078E+00    0.185367E+01    0.133393E+02    0.384766E+00    0.174794E+00
    0.720000E+01   -0.133383E+01    0.523971E+01    0.427057E+00    0.183584E+01    0.133971E+02    0.383623E+00    0.179236E+00
    0.730000E+01   -0.134978E+01    0.508295E+01    0.398095E+00    0.181781E+01    0.134498E+02    0.382420E+00    0.183777E+00
    0.740000E+01   -0.136131E+01    0.493152E+01    0.370155E+00    0.179962E+01    0.134976E+02    0.381159E+00    0.188420E+00
    0.750000E+01   -0.136884E+01    0.478529E+01    0.343202E+00    0.178130E+01    0.135407E+02    0.379843E+00    0.193168E+00
    0.760000E+01   -0.137277E+01    0.464416E+01    0.317199E+00    0.176289E+01    0.135795E+02    0.378474E+00    0.198022E+00
    0.770000E+01   -0.137346E+01    0.450798E+01    0.292112E+00    0.174442E+01    0.136140E+02    0.377054E+00    0.202987E+00
    0.780000E+01   -0.137121E+01    0.437660E+01    0.267905E+00    0.172592E+01    0.136445E+02    0.375585E+00    0.208064E+00
    0.790000E+01   -0.136635E+01    0.424990E+01    0.244546E+00    0.170741E+01    0.136712E+02    0.374068E+00    0.213257E+00
    0.800000E+01   -0.135913E+01    0.412771E+01    0.222003E+00    0.168891E+01    0.136943E+02    0.372505E+00    0.218568E+00
    0.810000E+01   -0.134981E+01    0.400989E+01    0.200244E+00    0.167045E+01    0.137139E+02    0.370898E+00    0.224001E+00
    0.820000E+01   -0.133862E+01    0.389628E+01    0.179238E+00    0.165203E+01    0.137302E+02    0.369248E+00    0.229559E+00
    0.830000E+01   -0.132575E+01    0.378674E+01    0.158956E+00    0.163369E+01    0.137433E+02    0.367557E+00    0.235245E+00
    0.840000E+01   -0.131141E+01    0.368112E+01    0.139371E+00    0.161542E+01    0.137533E+02    0.365826E+00    0.241062E+00
    0.850000E+01   -0.129575E+01    0.357927E+01    0.120455E+00    0.159724E+01    0.137604E+02    0.364056E+00    0.247014E+00
    0.860000E+01   -0.127895E+01    0.348105E+01    0.102183E+00    0.157916E+01    0.137648E+02    0.362248E+00    0.253104E+00
    0.870000E+01   -0.126113E+01    0.338632E+01    0.845292E-01    0.156119E+01    0.137664E+02    0.360404E+00    0.259337E+00
    0.880000E+01   -0.124242E+01    0.329495E+01    0.674703E-01    0.154335E+01    0.137654E+02    0.358525E+00    0.265715E+00
    0.890000E+01   -0.122295E+01    0.320680E+01    0.509835E-01    0.152562E+01    0.137619E+02    0.356611E+00    0.272243E+00
    0.900000E+01   -0.120281E+01    0.312175E+01    0.350470E-01    0.150802E+01    0.137561E+02    0.354664E+00    0.278925E+00
    0.910000E+01   -0.118211E+01    0.303968E+01    0.196402E-01    0.149056E+01    0.137479E+02    0.352684E+00    0.285764E+00
    0.920000E+01   -0.116093E+01    0.296046E+01    0.474324E-02    0.147324E+01    0.137374E+02    0.350672E+00    0.292764E+00
    0.930000E+01   -0.113935E+01    0.288399E+01   -0.966282E-02    0.145606E+01    0.137248E+02    0.348630E+00    0.299931E+00
    0.940000E+01   -0.111744E+01    0.281015E+01   -0.235960E-01    0.143903E+01    0.137101E+02    0.346557E+00    0.307268E+00
    0.950000E+01   -0.109526E+01    0.273884E+01   -0.370735E-01    0.142214E+01    0.136934E+02    0.344454E+00    0.314779E+00
    0.960000E+01   -0.107287E+01    0.266995E+01   -0.501118E-01    0.140540E+01    0.136746E+02    0.342322E+00    0.322470E+00
    0.970000E+01   -0.105033E+01    0.260340E+01   -0.627265E-01    0.138882E+01    0.136540E+02    0.340162E+00    0.330344E+00
    0.980000E+01   -0.102767E+01    0.253909E+01   -0.749325E-01    0.137238E+01    0.136315E+02    0.337974E+00    0.338406E+00
    0.990000E+01   -0.100495E+01    0.247692E+01   -0.867442E-01    0.135609E+01    0.136072E+02    0.335758E+00    0.346661E+00
    0.100000E+02   -0.982207E+00    0.241682E+01   -0.981749E-01    0.133996E+01    0.135811E+02    0.333516E+00    0.355114E+00
    0.101000E+02   -0.959466E+00    0.235870E+01   -0.109238E+00    0.132398E+01    0.135533E+02    0.331248E+00    0.363770E+00
    0.102000E+02   -0.936762E+00    0.230249E+01   -0.119945E+00    0.130815E+01    0.135239E+02    0.328953E+00    0.372633E+00
    0.103000E+02   -0.914123E+00    0.224810E+01   -0.130309E+00    0.129247E+01    0.134928E+02    0.326634E+00    0.381708E+00
    0.104000E+02   -0.891574E+00    0.219548E+01   -0.140340E+00    0.127695E+01    0.134601E+02    0.324289E+00    0.391001E+00
    0.105000E+02   -0.869137E+00    0.214454E+01   -0.150050E+00    0.126157E+01    0.134259E+02    0.321921E+00    0.400515E+00
    0.106000E+02   -0.846832E+00    0.209523E+01   -0.159448E+00    0.124634E+01    0.133901E+02    0.319528E+00    0.410258E+00
    0.107000E+02   -0.824678E+00    0.204747E+01   -0.168544E+00    0.123126E+01    0.133529E+02    0.317111E+00    0.420233E+00
    0.108000E+02   -0.802688E+00    0.200122E+01   -0.177349E+00    0.121632E+01    0.133142E+02    0.314672E+00    0.430445E+00
    0.109000E+02   -0.780878E+00    0.195641E+01   -0.185869E+00    0.120154E+01    0.132741E+02    0.312209E+00    0.440899E+00
    0.110000E+02   -0.759260E+00    0.191299E+01   -0.194116E+00    0.118689E+01    0.132326E+02    0.309724E+00    0.451602E+00
    0.111000E+02   -0.737844E+00    0.187091E+01   -0.202095E+00    0.117239E+01    0.131898E+02    0.307218E+00    0.462556E+00
    0.112000E+02   -0.716640E+00    0.183011E+01   -0.209816E+00    0.115803E+01    0.131456E+02    0.304689E+00    0.473768E+00
    0.113000E+02   -0.695655E+00    0.179055E+01   -0.217285E+00    0.114381E+01    0.131001E+02    0.302140E+00    0.485243E+00
    0.114000E+02   -0.674898E+00    0.175218E+01   -0.224510E+00    0.112973E+01    0.130533E+02    0.299569E+00    0.496984E+00
    0.115000E+02   -0.654374E+00    0.171496E+01   -0.231498E+00    0.111578E+01    0.130053E+02    0.296979E+00    0.508997E+00
    0.116000E+02   -0.634087E+00    0.167884E+01   -0.238255E+00    0.110197E+01    0.129560E+02    0.294368E+00    0.521286E+00
    0.117000E+02   -0.614043E+00    0.164379E+01   -0.244787E+00    0.108830E+01    0.129055E+02    0.291738E+00    0.533855E+00
    0.118000E+02   -0.594244E+00    0.160976E+01   -0.251101E+00    0.107475E+01    0.128539E+02    0.289089E+00    0.546708E+00
    0.119000E+02   -0.574694E+00    0.157672E+01   -0.257202E+00    0.106134E+01    0.128010E+02    0.286421E+00    0.559850E+00
    0.120000E+02   -0.555394E+00    0.154464E+01   -0.263095E+00    0.104806E+01    0.127470E+02    0.283734E+00    0.573284E+00
    0.121000E+02   -0.536345E+00    0.151347E+01   -0.268786E+00    0.103490E+01    0.126919E+02    0.281030E+00    0.587013E+00
    0.122000E+02   -0.517550E+00    0.148318E+01   -0.274280E+00    0.102187E+01    0.126357E+02    0.278309E+00    0.601041E+00
    0.123000E+02   -0.499008E+00    0.145375E+01   -0.279581E+00    0.100897E+01    0.125784E+02    0.275570E+00    0.615369E+00
    0.124000E+02   -0.480719E+00    0.142515E+01   -0.284695E+00    0.996183E+00    0.125200E+02    0.272815E+00    0.630000E+00
    0.125000E+02   -0.462683E+00    0.139734E+01   -0.289625E+00    0.983522E+00    0.124606E+02    0.270044E+00    0.644936E+00
    0.126000E+02   -0.444900E+00    0.137030E+01   -0.294376E+00    0.970981E+00    0.124001E+02    0.267257E+00    0.660178E+00
    0.127000E+02   -0.427368E+00    0.134399E+01   -0.298952E+00    0.958560E+00    0.123386E+02    0.264455E+00    0.675726E+00
    0.128000E+02   -0.410087E+00    0.131840E+01   -0.303357E+00    0.946255E+00    0.122761E+02    0.261639E+00    0.691581E+00
    0.129000E+02   -0.393054E+00    0.129351E+01   -0.307593E+00    0.934067E+00    0.122127E+02    0.258808E+00    0.707742E+00
    0.130000E+02   -0.376267E+00    0.126928E+01   -0.311666E+00    0.921993E+00    0.121483E+02    0.255964E+00    0.724208E+00
    0.131000E+02   -0.359726E+00    0.124569E+01   -0.315578E+00    0.910033E+00    0.120829E+02    0.253107E+00    0.740975E+00
    0.132000E+02   -0.343428E+00    0.122273E+01   -0.319333E+00    0.898185E+00    0.120166E+02    0.250238E+00    0.758042E+00
    0.133000E+02   -0.327370E+00    0.120037E+01   -0.322933E+00    0.886448E+00    0.119495E+02    0.247357E+00    0.775404E+00
    0.134000E+02   -0.311550E+00    0.117859E+01   -0.326382E+00    0.874821E+00    0.118814E+02    0.244465E+00    0.793056E+00
    0.135000E+02   -0.295965E+00    0.115737E+01   -0.329682E+00    0.863302E+00    0.118125E+02    0.241562E+00    0.810992E+00
    0.136000E+02   -0.280613E+00    0.113670E+01   -0.332837E+00    0.851892E+00    0.117427E+02    0.238649E+00    0.829204E+00
    0.137000E+02   -0.265492E+00    0.111656E+01   -0.335848E+00    0.840588E+00    0.116721E+02    0.235727E+00    0.847684E+00
    0.138000E+02   -0.250597E+00    0.109692E+01   -0.338719E+00    0.829391E+00    0.116006E+02    0.232796E+00    0.866423E+00
    0.139000E+02   -0.235927E+00    0.107778E+01   -0.341452E+00    0.818298E+00    0.115284E+02    0.229857E+00    0.885409E+00
    0.140000E+02   -0.221478E+00    0.105911E+01   -0.344049E+00    0.807310E+00    0.114554E+02    0.226911E+00    0.904629E+00
    0.141000E+02   -0.207248E+00    0.104091E+01   -0.346513E+00    0.796425E+00    0.113817E+02    0.223959E+00    0.924069E+00
    0.142000E+02   -0.193233E+00    0.102315E+01   -0.348846E+00    0.785643E+00    0.113073E+02    0.221001E+00    0.943713E+00
    0.143000E+02   -0.179430E+00    0.100583E+01   -0.351049E+00    0.774963E+00    0.112321E+02    0.218039E+00    0.963544E+00
    0.144000E+02   -0.165837E+00    0.988923E+00   -0.353125E+00    0.764385E+00    0.111562E+02    0.215072E+00    0.983543E+00
    0.145000E+02   -0.152449E+00    0.972426E+00   -0.355076E+00    0.753907E+00    0.110797E+02    0.212102E+00    0.100369E+01
    0.146000E+02   -0.139265E+00    0.956322E+00   -0.356904E+00    0.743530E+00    0.110026E+02    0.209130E+00    0.102396E+01
    0.147000E+02   -0.126280E+00    0.940601E+00   -0.358611E+00    0.733253E+00    0.109248E+02    0.206157E+00    0.104433E+01
    0.148000E+02   -0.113492E+00    0.925251E+00   -0.360198E+00    0.723076E+00    0.108465E+02    0.203183E+00    0.106477E+01
    0.149000E+02   -0.100897E+00    0.910259E+00   -0.361668E+00    0.712998E+00    0.107676E+02    0.200210E+00    0.108525E+01
    0.150000E+02   -0.884937E-01    0.895616E+00   -0.363021E+00    0.703019E+00    0.106881E+02    0.197238E+00    0.110575E+01
    0.151000E+02   -0.762774E-01    0.881311E+00   -0.364261E+00    0.693139E+00    0.106082E+02    0.194268E+00    0.112624E+01
    0.152000E+02   -0.642456E-01    0.867334E+00   -0.365388E+00    0.683358E+00    0.105277E+02    0.191303E+00    0.114667E+01
    0.153000E+02   -0.523952E-01    0.853675E+00   -0.366405E+00    0.673675E+00    0.104468E+02    0.188341E+00    0.116701E+01
    0.154000E+02   -0.407232E-01    0.840325E+00   -0.367312E+00    0.664091E+00    0.103655E+02    0.185386E+00    0.118723E+01
    0.155000E+02   -0.292266E-01    0.827274E+00   -0.368112E+00    0.654606E+00    0.102838E+02    0.182437E+00    0.120728E+01
    0.156000E+02   -0.179026E-01    0.814515E+00   -0.368807E+00    0.645219E+00    0.102018E+02    0.179496E+00    0.122713E+01
    0.157000E+02   -0.674816E-02    0.802039E+00   -0.369397E+00    0.635931E+00    0.101194E+02    0.176564E+00    0.124673E+01
    0.158000E+02    0.423955E-02    0.789838E+00   -0.369886E+00    0.626741E+00    0.100366E+02    0.173641E+00    0.126605E+01
    0.159000E+02    0.150634E-01    0.777903E+00   -0.370273E+00    0.617651E+00    0.995368E+01    0.170731E+00    0.128503E+01
    0.160000E+02    0.257261E-01    0.766228E+00   -0.370562E+00    0.608660E+00    0.987047E+01    0.167832E+00    0.130363E+01
    0.161000E+02    0.362305E-01    0.754805E+00   -0.370753E+00    0.599768E+00    0.978707E+01    0.164947E+00    0.132180E+01
    0.162000E+02    0.465793E-01    0.743627E+00   -0.370848E+00    0.590976E+00    0.970349E+01    0.162077E+00    0.133951E+01
    0.163000E+02    0.567752E-01    0.732687E+00   -0.370850E+00    0.582284E+00    0.961979E+01    0.159223E+00    0.135669E+01
    0.164000E+02    0.668209E-01    0.721979E+00   -0.370760E+00    0.573692E+00    0.953599E+01    0.156386E+00    0.137332E+01
    0.165000E+02    0.767188E-01    0.711497E+00   -0.370580E+00    0.565200E+00    0.945212E+01    0.153567E+00    0.138933E+01
    0.166000E+02    0.864717E-01    0.701233E+00   -0.370311E+00    0.556809E+00    0.936824E+01    0.150768E+00    0.140470E+01
    0.167000E+02    0.960821E-01    0.691184E+00   -0.369956E+00    0.548520E+00    0.928436E+01    0.147990E+00    0.141937E+01
    0.168000E+02    0.105552E+00    0.681341E+00   -0.369516E+00    0.540332E+00    0.920053E+01    0.145233E+00    0.143329E+01
    0.169000E+02    0.114885E+00    0.671701E+00   -0.368993E+00    0.532245E+00    0.911679E+01    0.142499E+00    0.144644E+01
    0.170000E+02    0.124082E+00    0.662258E+00   -0.368389E+00    0.524261E+00    0.903316E+01    0.139789E+00    0.145878E+01
    0.171000E+02    0.133147E+00    0.653006E+00   -0.367707E+00    0.516379E+00    0.894970E+01    0.137104E+00    0.147025E+01
    0.172000E+02    0.142081E+00    0.643941E+00   -0.366948E+00    0.508600E+00    0.886642E+01    0.134446E+00    0.148085E+01
    0.173000E+02    0.150886E+00    0.635057E+00   -0.366114E+00    0.500924E+00    0.878337E+01    0.131814E+00    0.149052E+01
    0.174000E+02    0.159566E+00    0.626350E+00   -0.365208E+00    0.493351E+00    0.870059E+01    0.129211E+00    0.149925E+01
    0.175000E+02    0.168121E+00    0.617816E+00   -0.364231E+00    0.485881E+00    0.861810E+01    0.126637E+00    0.150701E+01
    0.176000E+02    0.176555E+00    0.609450E+00   -0.363186E+00    0.478515E+00    0.853594E+01    0.124093E+00    0.151378E+01
    0.177000E+02    0.184870E+00    0.601247E+00   -0.362075E+00    0.471252E+00    0.845415E+01    0.121581E+00    0.151955E+01
    0.178000E+02    0.193067E+00    0.593205E+00   -0.360900E+00    0.464093E+00    0.837276E+01    0.119100E+00    0.152430E+01
    0.179000E+02    0.201148E+00    0.585317E+00   -0.359663E+00    0.457038E+00    0.829180E+01    0.116651E+00    0.152802E+01
    0.180000E+02    0.209116E+00    0.577582E+00   -0.358366E+00    0.450087E+00    0.821131E+01    0.114236E+00    0.153071E+01
    0.181000E+02    0.216972E+00    0.569995E+00   -0.357012E+00    0.443239E+00    0.813130E+01    0.111855E+00    0.153236E+01
    0.182000E+02    0.224719E+00    0.562551E+00   -0.355604E+00    0.436495E+00    0.805182E+01    0.109509E+00    0.153299E+01
    0.183000E+02    0.232358E+00    0.555249E+00   -0.354142E+00    0.429854E+00    0.797288E+01    0.107198E+00    0.153260E+01
    0.184000E+02    0.239891E+00    0.548084E+00   -0.352630E+00    0.423316E+00    0.789453E+01    0.104923E+00    0.153120E+01
    0.185000E+02    0.247320E+00    0.541053E+00   -0.351070E+00    0.416881E+00    0.781677E+01    0.102684E+00    0.152881E+01
    0.186000E+02    0.254647E+00    0.534153E+00   -0.349464E+00    0.410548E+00    0.773964E+01    0.100482E+00    0.152543E+01
    0.187000E+02    0.261874E+00    0.527381E+00   -0.347814E+00    0.404318E+00    0.766316E+01    0.983162E-01    0.152111E+01
    0.188000E+02    0.269001E+00    0.520733E+00   -0.346123E+00    0.398189E+00    0.758735E+01    0.961881E-01    0.151585E+01
    0.189000E+02    0.276032E+00    0.514207E+00   -0.344392E+00    0.392160E+00    0.751223E+01    0.940975E-01    0.150970E+01
    0.190000E+02    0.282967E+00    0.507799E+00   -0.342625E+00    0.386233E+00    0.743782E+01    0.920446E-01    0.150267E+01
    0.191000E+02    0.289808E+00    0.501508E+00   -0.340822E+00    0.380404E+00    0.736414E+01    0.900294E-01    0.149481E+01
    0.192000E+02    0.296557E+00    0.495330E+00   -0.338987E+00    0.374675E+00    0.729121E+01    0.880522E-01    0.148615E+01
    0.193000E+02    0.303215E+00    0.489263E+00   -0.337121E+00    0.369044E+00    0.721903E+01    0.861128E-01    0.147672E+01
    0.194000E+02    0.309784E+00    0.483304E+00   -0.335227E+00    0.363510E+00    0.714762E+01    0.842113E-01    0.146656E+01
    0.195000E+02    0.316265E+00    0.477450E+00   -0.333306E+00    0.358073E+00    0.707700E+01    0.823476E-01    0.145572E+01
    0.196000E+02    0.322660E+00    0.471700E+00   -0.331360E+00    0.352731E+00    0.700718E+01    0.805214E-01    0.144423E+01
    0.197000E+02    0.328970E+00    0.466050E+00   -0.329392E+00    0.347484E+00    0.693815E+01    0.787327E-01    0.143213E+01
    0.198000E+02    0.335197E+00    0.460500E+00   -0.327403E+00    0.342330E+00    0.686994E+01    0.769813E-01    0.141947E+01
    0.199000E+02    0.341341E+00    0.455045E+00   -0.325396E+00    0.337268E+00    0.680255E+01    0.752667E-01    0.140628E+01
    0.200000E+02    0.347405E+00    0.449685E+00   -0.323371E+00    0.332298E+00    0.673598E+01    0.735889E-01    0.139261E+01
