    3  0.00000000E+00  1.16506057E+01  2.13012425E+00  1.51854484E-02
    2  1.00000000E-01  1.16552140E+01  2.13323143E+00  1.51945308E-02
    1  2.00000000E-01  1.16690582E+01  2.14258509E+00  1.52218086E-02
    1  3.00000000E-01  1.16923167E+01  2.15829888E+00  1.52671814E-02
    1  4.00000000E-01  1.17249389E+01  2.18049857E+00  1.53309251E-02
    1  5.00000000E-01  1.17671692E+01  2.20947002E+00  1.54133269E-02
    1  6.00000000E-01  1.18191884E+01  2.24551796E+00  1.55146246E-02
    1  7.00000000E-01  1.18812368E+01  2.28904647E+00  1.56351872E-02
    1  8.00000000E-01  1.19536085E+01  2.34055598E+00  1.57754530E-02
    1  9.00000000E-01  1.20366439E+01  2.40065421E+00  1.59359498E-02
    1  1.00000000E+00  1.21307329E+01  2.47007340E+00  1.61173092E-02
    1  1.10000000E+00  1.22363148E+01  2.54968985E+00  1.63202798E-02
    1  1.20000000E+00  1.23538771E+01  2.64054860E+00  1.65457470E-02
    1  1.30000000E+00  1.24839525E+01  2.74389418E+00  1.67947566E-02
    1  1.40000000E+00  1.26271132E+01  2.86120880E+00  1.70685450E-02
    1  1.50000000E+00  1.27839599E+01  2.99425968E+00  1.73685770E-02
    1  1.60000000E+00  1.29551040E+01  3.14515798E+00  1.76965943E-02
    1  1.70000000E+00  1.31411388E+01  3.31643190E+00  1.80546765E-02
    1  1.80000000E+00  1.33425931E+01  3.51111698E+00  1.84453196E-02
    1  1.90000000E+00  1.35598599E+01  3.73286704E+00  1.88715355E-02
    1  2.00000000E+00  1.37930854E+01  3.98608824E+00  1.93369792E-02
    1  2.10000000E+00  1.40419987E+01  4.27609700E+00  1.98461096E-02
    1  2.20000000E+00  1.43056532E+01  4.60929684E+00  2.04043883E-02
    1  2.30000000E+00  1.45820355E+01  4.99335674E+00  2.10185206E-02
    1  2.40000000E+00  1.48674858E+01  5.43734887E+00  2.16967247E-02
    1  2.50000000E+00  1.51558582E+01  5.95175462E+00  2.24489959E-02
    1  2.60000000E+00  1.54373647E+01  6.54816347E+00  2.32872713E-02
    1  2.70000000E+00  1.56971196E+01  7.23836083E+00  2.42253010E-02
    1  2.80000000E+00  1.59136324E+01  8.03236079E+00  2.52778739E-02
    1  2.90000000E+00  1.60579701E+01  8.93494216E+00  2.64588823E-02
    2  3.00000000E+00  1.60928675E+01  9.93460083E+00  2.77753665E-02
    2  3.10000000E+00  1.59885611E+01  1.10207933E+01  2.92257436E-02
    2  3.20000000E+00  1.57139738E+01  1.21544527E+01  3.07972993E-02
    2  3.30000000E+00  1.52565250E+01  1.32907761E+01  3.24635371E-02
    2  3.40000000E+00  1.46222060E+01  1.43851699E+01  3.41900004E-02
    2  3.50000000E+00  1.38306449E+01  1.54029643E+01  3.59430497E-02
    2  3.60000000E+00  1.29060918E+01  1.63225875E+01  3.76970233E-02
    2  3.70000000E+00  1.18698047E+01  1.71323932E+01  3.94381975E-02
    2  3.80000000E+00  1.07370696E+01  1.78242810E+01  4.11656046E-02
    2  3.90000000E+00  9.51919984E+00  1.83877945E+01  4.28893699E-02
    2  4.00000000E+00  8.22881799E+00  1.88075295E+01  4.46271848E-02
    2  4.10000000E+00  6.88549890E+00  1.90650455E+01  4.63998358E-02
    2  4.20000000E+00  5.51878496E+00  1.91444223E+01  4.82268695E-02
    2  4.30000000E+00  4.16679912E+00  1.90389061E+01  5.01232039E-02
    2  4.40000000E+00  2.87074694E+00  1.87555295E+01  5.20970903E-02
    2  4.50000000E+00  1.66758003E+00  1.83155518E+01  5.41495318E-02
    2  4.60000000E+00  5.83870410E-01  1.77506524E+01  5.62750712E-02
    2  4.70000000E+00 -3.66947942E-01  1.70967598E+01  5.84636835E-02
    2  4.80000000E+00 -1.18367081E+00  1.63880709E+01  6.07033161E-02
    2  4.90000000E+00 -1.87399787E+00  1.56530763E+01  6.29824746E-02
    2  5.00000000E+00 -2.45053444E+00  1.49130821E+01  6.52922362E-02
    2  5.10000000E+00 -2.92745490E+00  1.41826797E+01  6.76272563E-02
    2  5.20000000E+00 -3.31839857E+00  1.34712003E+01  6.99857122E-02
    2  5.30000000E+00 -3.63552076E+00  1.27843158E+01  7.23685270E-02
    2  5.40000000E+00 -3.88929924E+00  1.21253218E+01  7.47783903E-02
    2  5.50000000E+00 -4.08868460E+00  1.14959971E+01  7.72189734E-02
    2  5.60000000E+00 -4.24133316E+00  1.08971311E+01  7.96944577E-02
    1  5.70000000E+00 -4.35104938E+00  1.03310442E+01  8.22128853E-02
    1  5.80000000E+00 -4.42957817E+00  9.79290045E+00  8.47708246E-02
    1  5.90000000E+00 -4.47835754E+00  9.28458535E+00  8.73767575E-02
    1  6.00000000E+00 -4.50186961E+00  8.80495296E+00  9.00356930E-02
    1  6.10000000E+00 -4.50389192E+00  8.35318541E+00  9.27505657E-02
    1  6.20000000E+00 -4.48771395E+00  7.92812556E+00  9.55256257E-02
    1  6.30000000E+00 -4.45627717E+00  7.52861490E+00  9.83638295E-02
    1  6.40000000E+00 -4.41213960E+00  7.15339292E+00  1.01268330E-01
    1  6.50000000E+00 -4.35752832E+00  6.80118870E+00  1.04242010E-01
    1  6.60000000E+00 -4.29438086E+00  6.47073053E+00  1.07287506E-01
    1  6.70000000E+00 -4.22438484E+00  6.16076551E+00  1.10407076E-01
    1  6.80000000E+00 -4.14901295E+00  5.87006598E+00  1.13602491E-01
    1  6.90000000E+00 -4.06954799E+00  5.59743027E+00  1.16875012E-01
    1  7.00000000E+00 -3.98710021E+00  5.34168399E+00  1.20225459E-01
    1  7.10000000E+00 -3.90261977E+00  5.10168372E+00  1.23654345E-01
    1  7.20000000E+00 -3.81690793E+00  4.87632346E+00  1.27162052E-01
    1  7.30000000E+00 -3.73062890E+00  4.66454255E+00  1.30749005E-01
    1  7.40000000E+00 -3.64432294E+00  4.46533321E+00  1.34415839E-01
    1  7.50000000E+00 -3.55842034E+00  4.27774689E+00  1.38163542E-01
    1  7.60000000E+00 -3.47325580E+00  4.10089869E+00  1.41993570E-01
    1  7.70000000E+00 -3.38908247E+00  3.93397002E+00  1.45907945E-01
    1  7.80000000E+00 -3.30608560E+00  3.77620954E+00  1.49909308E-01
    1  7.90000000E+00 -3.22439553E+00  3.62693232E+00  1.54000942E-01
    1  8.00000000E+00 -3.14409947E+00  3.48551733E+00  1.58186751E-01
    1  8.10000000E+00 -3.06525207E+00  3.35140349E+00  1.62471214E-01
    1  8.20000000E+00 -2.98788408E+00  3.22408454E+00  1.66859320E-01
    1  8.30000000E+00 -2.91200917E+00  3.10310352E+00  1.71356516E-01
    1  8.40000000E+00 -2.83762902E+00  2.98804706E+00  1.75968661E-01
    1  8.50000000E+00 -2.76473686E+00  2.87854027E+00  1.80702004E-01
    1  8.60000000E+00 -2.69331998E+00  2.77424213E+00  1.85563171E-01
    1  8.70000000E+00 -2.62336162E+00  2.67484168E+00  1.90559165E-01
    1  8.80000000E+00 -2.55484235E+00  2.58005461E+00  1.95697356E-01
    1  8.90000000E+00 -2.48774130E+00  2.48962037E+00  2.00985471E-01
    1  9.00000000E+00 -2.42203710E+00  2.40329947E+00  2.06431570E-01
    1  9.10000000E+00 -2.35770859E+00  2.32087103E+00  2.12044021E-01
    1  9.20000000E+00 -2.29473529E+00  2.24213049E+00  2.17831476E-01
    1  9.30000000E+00 -2.23309764E+00  2.16688761E+00  2.23802850E-01
    1  9.40000000E+00 -2.17277699E+00  2.09496461E+00  2.29967310E-01
    1  9.50000000E+00 -2.11375552E+00  2.02619470E+00  2.36334271E-01
    1  9.60000000E+00 -2.05601594E+00  1.96042080E+00  2.42913406E-01
    1  9.70000000E+00 -1.99954128E+00  1.89749450E+00  2.49714663E-01
    1  9.80000000E+00 -1.94431461E+00  1.83727526E+00  2.56748288E-01
    1  9.90000000E+00 -1.89031881E+00  1.77962973E+00  2.64024853E-01
    1  1.00000000E+01 -1.83753636E+00  1.72443125E+00  2.71555295E-01
    1  1.01000000E+01 -1.78594921E+00  1.67155945E+00  2.79350955E-01
    1  1.02000000E+01 -1.73553869E+00  1.62089987E+00  2.87423613E-01
    1  1.03000000E+01 -1.68628548E+00  1.57234376E+00  2.95785539E-01
    1  1.04000000E+01 -1.63816960E+00  1.52578772E+00  3.04449528E-01
    1  1.05000000E+01 -1.59117045E+00  1.48113357E+00  3.13428945E-01
    1  1.06000000E+01 -1.54526689E+00  1.43828810E+00  3.22737768E-01
    1  1.07000000E+01 -1.50043731E+00  1.39716280E+00  3.32390630E-01
    1  1.08000000E+01 -1.45665971E+00  1.35767374E+00  3.42402862E-01
    1  1.09000000E+01 -1.41391180E+00  1.31974128E+00  3.52790536E-01
    1  1.10000000E+01 -1.37217105E+00  1.28328988E+00  3.63570519E-01
    1  1.11000000E+01 -1.33141479E+00  1.24824792E+00  3.74760519E-01
    1  1.12000000E+01 -1.29162026E+00  1.21454750E+00  3.86379144E-01
    1  1.13000000E+01 -1.25276468E+00  1.18212426E+00  3.98445961E-01
    1  1.14000000E+01 -1.21482526E+00  1.15091719E+00  4.10981558E-01
    1  1.15000000E+01 -1.17777933E+00  1.12086850E+00  4.24007609E-01
    1  1.16000000E+01 -1.14160432E+00  1.09192347E+00  4.37546945E-01
    1  1.17000000E+01 -1.10627786E+00  1.06403028E+00  4.51623621E-01
    1  1.18000000E+01 -1.07177778E+00  1.03713991E+00  4.66262989E-01
    1  1.19000000E+01 -1.03808220E+00  1.01120597E+00  4.81491764E-01
    1  1.20000000E+01 -1.00516956E+00  9.86184599E-01  4.97338095E-01
    1  1.21000000E+01 -9.73018691E-01  9.62034338E-01  5.13831628E-01
    1  1.22000000E+01 -9.41608808E-01  9.38715991E-01  5.31003564E-01
    1  1.23000000E+01 -9.10919601E-01  9.16192502E-01  5.48886719E-01
    1  1.24000000E+01 -8.80931248E-01  8.94428831E-01  5.67515573E-01
    1  1.25000000E+01 -8.51624441E-01  8.73391824E-01  5.86926315E-01
    1  1.26000000E+01 -8.22980407E-01  8.53050091E-01  6.07156889E-01
    1  1.27000000E+01 -7.94980917E-01  8.33373889E-01  6.28247027E-01
    0  1.28000000E+01 -7.66981427E-01  8.13697688E-01  6.50768419E-01
    1  1.29000000E+01 -7.40889034E-01  7.95942068E-01  6.73135078E-01
    0  1.30000000E+01 -7.14796642E-01  7.78186449E-01  6.96982179E-01
    0  1.31000000E+01 -6.88704249E-01  7.60430829E-01  7.22452520E-01
    1  1.32000000E+01 -6.64087547E-01  7.44071650E-01  7.48070167E-01
    0  1.33000000E+01 -6.39470846E-01  7.27712470E-01  7.75409125E-01
    0  1.34000000E+01 -6.14854144E-01  7.11353291E-01  8.04635376E-01
    1  1.35000000E+01 -5.92203247E-01  6.96827882E-01  8.33253291E-01
    0  1.36000000E+01 -5.69552350E-01  6.82302472E-01  8.63754330E-01
    1  1.37000000E+01 -5.46774806E-01  6.67624833E-01  8.96519052E-01
    1  1.38000000E+01 -5.24827269E-01  6.53686085E-01  9.30184086E-01
    0  1.39000000E+01 -5.02879732E-01  6.39747337E-01  9.66145365E-01
    1  1.40000000E+01 -4.82301203E-01  6.27016895E-01  1.00200116E+00
    0  1.41000000E+01 -4.61722674E-01  6.14286454E-01  1.04021904E+00
    0  1.42000000E+01 -4.41144145E-01  6.01556012E-01  1.08100632E+00
    1  1.43000000E+01 -4.21727587E-01  5.89722054E-01  1.12194177E+00
    0  1.44000000E+01 -4.02311029E-01  5.77888096E-01  1.16554623E+00
    0  1.45000000E+01 -3.82894470E-01  5.66054137E-01  1.21204128E+00
    1  1.46000000E+01 -3.64783824E-01  5.55398085E-01  1.25788217E+00
    0  1.47000000E+01 -3.46673178E-01  5.44742032E-01  1.30656713E+00
    1  1.48000000E+01 -3.28674873E-01  5.33988601E-01  1.35815867E+00
    0  1.49000000E+01 -3.10676569E-01  5.23235169E-01  1.41302261E+00
    1  1.50000000E+01 -2.94021263E-01  5.13716036E-01  1.46628264E+00
    0  1.51000000E+01 -2.77365957E-01  5.04196903E-01  1.52258009E+00
    1  1.52000000E+01 -2.60641455E-01  4.94423713E-01  1.58271920E+00
    0  1.53000000E+01 -2.43916953E-01  4.84650523E-01  1.64633424E+00
    1  1.54000000E+01 -2.28574577E-01  4.76112424E-01  1.70692821E+00
    0  1.55000000E+01 -2.13232200E-01  4.67574324E-01  1.77048634E+00
    1  1.56000000E+01 -1.97634918E-01  4.58661138E-01  1.83884005E+00
    1  1.57000000E+01 -1.82623669E-01  4.50261162E-01  1.90718710E+00
    0  1.58000000E+01 -1.67612419E-01  4.41861186E-01  1.97846611E+00
    1  1.59000000E+01 -1.53390546E-01  4.34063613E-01  2.04805067E+00
    0  1.60000000E+01 -1.39168673E-01  4.26266039E-01  2.11998135E+00
    0  1.61000000E+01 -1.24946799E-01  4.18468466E-01  2.19406397E+00
    1  1.62000000E+01 -1.11443156E-01  4.11151491E-01  2.26573282E+00
    0  1.63000000E+01 -9.79395120E-02  4.03834516E-01  2.33870432E+00
    0  1.64000000E+01 -8.44358683E-02  3.96517541E-01  2.41255910E+00
    1  1.65000000E+01 -7.16401821E-02  3.89800568E-01  2.48159227E+00
    0  1.66000000E+01 -5.88444958E-02  3.83083594E-01  2.55022316E+00
    0  1.67000000E+01 -4.60488096E-02  3.76366620E-01  2.61779601E+00
    1  1.68000000E+01 -3.38429598E-02  3.69887328E-01  2.68108159E+00
    0  1.69000000E+01 -2.16371099E-02  3.63408035E-01  2.74200755E+00
    1  1.70000000E+01 -9.66595037E-03  3.57361580E-01  2.79624053E+00
    0  1.71000000E+01  2.30520915E-03  3.51315126E-01  2.84632478E+00
    1  1.72000000E+01  1.37014915E-02  3.45392431E-01  2.89070844E+00
    0  1.73000000E+01  2.50977739E-02  3.39469737E-01  2.92975668E+00
    1  1.74000000E+01  3.63380051E-02  3.33970174E-01  2.95924552E+00
    0  1.75000000E+01  4.75782364E-02  3.28470611E-01  2.98185056E+00
    1  1.76000000E+01  5.82354802E-02  3.23042751E-01  2.99813250E+00
    0  1.77000000E+01  6.88927240E-02  3.17614892E-01  3.00699274E+00
    1  1.78000000E+01  7.94596284E-02  3.12617980E-01  3.00467570E+00
    0  1.79000000E+01  9.00265327E-02  3.07621068E-01  2.99430162E+00
    1  1.80000000E+01  1.00006167E-01  3.02636429E-01  2.97899700E+00
    0  1.81000000E+01  1.09985801E-01  2.97651790E-01  2.95601896E+00
    1  1.82000000E+01  1.19928191E-01  2.93116518E-01  2.92239612E+00
    0  1.83000000E+01  1.29870581E-01  2.88581246E-01  2.88161961E+00
    1  1.84000000E+01  1.39226536E-01  2.83994511E-01  2.83889726E+00
    0  1.85000000E+01  1.48582491E-01  2.79407775E-01  2.79001935E+00
    1  1.86000000E+01  1.57942661E-01  2.75295343E-01  2.73290999E+00
    0  1.87000000E+01  1.67302832E-01  2.71182911E-01  2.67095262E+00
    1  1.88000000E+01  1.76082663E-01  2.66953717E-01  2.61029927E+00
    0  1.89000000E+01  1.84862494E-01  2.62724522E-01  2.54582179E+00
    1  1.90000000E+01  1.93677984E-01  2.58997958E-01  2.47629051E+00
    0  1.91000000E+01  2.02493474E-01  2.55271394E-01  2.40443050E+00
    1  1.92000000E+01  2.10739532E-01  2.51363215E-01  2.33620625E+00
    0  1.93000000E+01  2.18985589E-01  2.47455036E-01  2.26630663E+00
    1  1.94000000E+01  2.27290548E-01  2.44079161E-01  2.19425341E+00
    0  1.95000000E+01  2.35595507E-01  2.40703286E-01  2.12179348E+00
    1  1.96000000E+01  2.43346092E-01  2.37082702E-01  2.05398845E+00
    0  1.97000000E+01  2.51096677E-01  2.33462118E-01  1.98599721E+00
    1  1.98000000E+01  2.58922880E-01  2.30403710E-01  1.91800219E+00
    0  1.99000000E+01  2.66749082E-01  2.27345302E-01  1.85072881E+00
    1  2.00000000E+01  2.74039449E-01  2.23981656E-01  1.78805682E+00
