    3  0.00000000E+00  1.19669617E+01  1.09669783E+00  7.59428614E-03
    2  1.00000000E-01  1.19725093E+01  1.09841345E+00  7.59897967E-03
    1  2.00000000E-01  1.19891931E+01  1.10358548E+00  7.61310529E-03
    1  3.00000000E-01  1.20172369E+01  1.11224816E+00  7.63638802E-03
    1  4.00000000E-01  1.20566577E+01  1.12451446E+00  7.66919065E-03
    1  5.00000000E-01  1.21078302E+01  1.14055258E+00  7.71162543E-03
    1  6.00000000E-01  1.21710869E+01  1.16055261E+00  7.76381609E-03
    1  7.00000000E-01  1.22468682E+01  1.18477042E+00  7.82597680E-03
    1  8.00000000E-01  1.23357212E+01  1.21352366E+00  7.89835114E-03
    1  9.00000000E-01  1.24383007E+01  1.24720227E+00  7.98123451E-03
    1  1.00000000E+00  1.25553851E+01  1.28628211E+00  8.07498409E-03
    1  1.10000000E+00  1.26878925E+01  1.33134096E+00  8.18002685E-03
    1  1.20000000E+00  1.28368998E+01  1.38307971E+00  8.29687338E-03
    1  1.30000000E+00  1.30036672E+01  1.44234987E+00  8.42613512E-03
    1  1.40000000E+00  1.31896678E+01  1.51018929E+00  8.56854678E-03
    1  1.50000000E+00  1.33966232E+01  1.58786937E+00  8.72499600E-03
    1  1.60000000E+00  1.36265484E+01  1.67695773E+00  8.89656305E-03
    1  1.70000000E+00  1.38818054E+01  1.77940282E+00  9.08457447E-03
    1  1.80000000E+00  1.41651688E+01  1.89764936E+00  9.29067683E-03
    1  1.90000000E+00  1.44799052E+01  2.03479845E+00  9.51693992E-03
    1  2.00000000E+00  1.48298663E+01  2.19483336E+00  9.76600335E-03
    1  2.10000000E+00  1.52195955E+01  2.38294366E+00  1.00412895E-02
    1  2.20000000E+00  1.56544369E+01  2.60599947E+00  1.03473190E-02
    1  2.30000000E+00  1.61406243E+01  2.87325931E+00  1.06901883E-02
    1  2.40000000E+00  1.66852808E+01  3.19744700E+00  1.10783104E-02
    1  2.50000000E+00  1.72961712E+01  3.59641608E+00  1.15235860E-02
    1  2.60000000E+00  1.79808153E+01  4.09573915E+00  1.20432879E-02
    2  2.70000000E+00  1.87400760E+01  4.73468272E+00  1.26728735E-02
    2  2.80000000E+00  1.95746733E+01  5.56374840E+00  1.34350099E-02
    2  2.90000000E+00  2.04528718E+01  6.66028576E+00  1.43950351E-02
    2  3.00000000E+00  2.12914610E+01  8.11475707E+00  1.56300819E-02
    2  3.10000000E+00  2.19154776E+01  9.98451876E+00  1.72153176E-02
    3  3.20000000E+00  2.20942650E+01  1.21841296E+01  1.91390931E-02
    3  3.30000000E+00  2.16857354E+01  1.44542498E+01  2.12813975E-02
    3  3.40000000E+00  2.07927300E+01  1.65231682E+01  2.34253984E-02
    3  3.50000000E+00  1.96226735E+01  1.82922575E+01  2.54180574E-02
    3  3.60000000E+00  1.83459615E+01  1.98035472E+01  2.71745004E-02
    3  3.70000000E+00  1.70427438E+01  2.11774274E+01  2.86592538E-02
    3  3.80000000E+00  1.56751565E+01  2.25414975E+01  2.99026415E-02
    3  3.90000000E+00  1.41090026E+01  2.39505774E+01  3.09961950E-02
    3  4.00000000E+00  1.21801064E+01  2.53345416E+01  3.20611672E-02
    3  4.10000000E+00  9.78553769E+00  2.64922189E+01  3.32151511E-02
    3  4.20000000E+00  6.97507150E+00  2.71488536E+01  3.45531924E-02
    3  4.30000000E+00  3.98905988E+00  2.70837769E+01  3.61385139E-02
    3  4.40000000E+00  1.17885453E+00  2.62659397E+01  3.79955834E-02
    3  4.50000000E+00 -1.16195072E+00  2.48817402E+01  4.01026596E-02
    3  4.60000000E+00 -2.91927926E+00  2.32202758E+01  4.23957125E-02
    3  4.70000000E+00 -4.14505749E+00  2.15335862E+01  4.47798368E-02
    3  4.80000000E+00 -4.97681388E+00  1.99720138E+01  4.71427197E-02
    3  4.90000000E+00 -5.56123075E+00  1.85817191E+01  4.93921985E-02
    3  5.00000000E+00 -6.00293041E+00  1.73397767E+01  5.14987249E-02
    3  5.10000000E+00 -6.35141909E+00  1.62027225E+01  5.34975068E-02
    3  5.20000000E+00 -6.61919919E+00  1.51404296E+01  5.54500233E-02
    2  5.30000000E+00 -6.81222461E+00  1.41419288E+01  5.73940624E-02
    2  5.40000000E+00 -6.93072563E+00  1.32124750E+01  5.93540462E-02
    2  5.50000000E+00 -6.99371193E+00  1.23503740E+01  6.13092951E-02
    2  5.60000000E+00 -7.01359851E+00  1.15486935E+01  6.32587148E-02
    2  5.70000000E+00 -6.99654853E+00  1.07998340E+01  6.52210734E-02
    2  5.80000000E+00 -6.94509794E+00  1.00997434E+01  6.72244213E-02
    2  5.90000000E+00 -6.86207416E+00  9.44801075E+00  6.92908326E-02
    2  6.00000000E+00 -6.75281415E+00  8.84540170E+00  7.14251071E-02
    2  6.10000000E+00 -6.62462114E+00  8.29091362E+00  7.36153107E-02
    2  6.20000000E+00 -6.48423945E+00  7.78069161E+00  7.58466421E-02
    2  6.30000000E+00 -6.33581368E+00  7.30944842E+00  7.81169584E-02
    2  6.40000000E+00 -6.18093068E+00  6.87262831E+00  8.04409615E-02
    2  6.50000000E+00 -6.02006066E+00  6.46747602E+00  8.28426756E-02
    2  6.60000000E+00 -5.85397293E+00  6.09275922E+00  8.53438617E-02
    2  6.70000000E+00 -5.68440170E+00  5.74780425E+00  8.79545939E-02
    2  6.80000000E+00 -5.51387533E+00  5.43152190E+00  9.06700574E-02
    2  6.90000000E+00 -5.34499541E+00  5.14195647E+00  9.34753446E-02
    2  7.00000000E+00 -5.17976474E+00  4.87652140E+00  9.63540915E-02
    2  7.10000000E+00 -5.01940723E+00  4.63253188E+00  9.92937880E-02
    2  7.20000000E+00 -4.86457853E+00  4.40755798E+00  1.02285617E-01
    2  7.30000000E+00 -4.71563988E+00  4.19949437E+00  1.05321723E-01
    2  7.40000000E+00 -4.57282882E+00  4.00647041E+00  1.08392641E-01
    2  7.50000000E+00 -4.43629223E+00  3.82671609E+00  1.11486613E-01
    2  7.60000000E+00 -4.30599691E+00  3.65848955E+00  1.14592237E-01
    2  7.70000000E+00 -4.18161523E+00  3.50014572E+00  1.17703683E-01
    2  7.80000000E+00 -4.06252219E+00  3.35030897E+00  1.20824784E-01
    2  7.90000000E+00 -3.94794675E+00  3.20800926E+00  1.23968544E-01
    2  8.00000000E+00 -3.83718457E+00  3.07267432E+00  1.27152267E-01
    2  8.10000000E+00 -3.72974605E+00  2.94399220E+00  1.30391520E-01
    1  8.20000000E+00 -3.62610294E+00  2.82277715E+00  1.33675150E-01
    1  8.30000000E+00 -3.52447224E+00  2.70631310E+00  1.37056025E-01
    1  8.40000000E+00 -3.42616382E+00  2.59612361E+00  1.40494615E-01
    1  8.50000000E+00 -3.33052667E+00  2.49100804E+00  1.44009474E-01
    1  8.60000000E+00 -3.23779728E+00  2.39089799E+00  1.47588807E-01
    1  8.70000000E+00 -3.14750522E+00  2.29524726E+00  1.51252386E-01
    1  8.80000000E+00 -3.05952367E+00  2.20388131E+00  1.55008843E-01
    1  8.90000000E+00 -2.97356268E+00  2.11660680E+00  1.58879373E-01
    1  9.00000000E+00 -2.88952227E+00  2.03334452E+00  1.62878276E-01
    1  9.10000000E+00 -2.80731721E+00  1.95400173E+00  1.67020791E-01
    1  9.20000000E+00 -2.72694474E+00  1.87847460E+00  1.71317162E-01
    1  9.30000000E+00 -2.64840549E+00  1.80662659E+00  1.75776917E-01
    1  9.40000000E+00 -2.57170641E+00  1.73830331E+00  1.80408527E-01
    1  9.50000000E+00 -2.49684167E+00  1.67334583E+00  1.85221321E-01
    1  9.60000000E+00 -2.42380325E+00  1.61160009E+00  1.90224909E-01
    1  9.70000000E+00 -2.35258385E+00  1.55291759E+00  1.95428865E-01
    1  9.80000000E+00 -2.28318081E+00  1.49715033E+00  2.00841867E-01
    1  9.90000000E+00 -2.21559184E+00  1.44414611E+00  2.06471611E-01
    1  1.00000000E+01 -2.14980898E+00  1.39374749E+00  2.12325221E-01
    1  1.01000000E+01 -2.08581251E+00  1.34579568E+00  2.18410218E-01
    1  1.02000000E+01 -2.02356906E+00  1.30013725E+00  2.24735499E-01
    1  1.03000000E+01 -1.96303393E+00  1.25663055E+00  2.31311956E-01
    1  1.04000000E+01 -1.90415671E+00  1.21514913E+00  2.38152455E-01
    1  1.05000000E+01 -1.84688724E+00  1.17558129E+00  2.45271281E-01
    1  1.06000000E+01 -1.79117968E+00  1.13782651E+00  2.52683351E-01
    1  1.07000000E+01 -1.73699363E+00  1.10179106E+00  2.60403573E-01
    1  1.08000000E+01 -1.68429269E+00  1.06738439E+00  2.68446623E-01
    1  1.09000000E+01 -1.63304183E+00  1.03451765E+00  2.76827174E-01
    1  1.10000000E+01 -1.58320510E+00  1.00310421E+00  2.85560421E-01
    1  1.11000000E+01 -1.53474482E+00  9.73061244E-01  2.94662578E-01
    1  1.12000000E+01 -1.48762234E+00  9.44311019E-01  3.04151056E-01
    1  1.13000000E+01 -1.44179948E+00  9.16780988E-01  3.14044268E-01
    1  1.14000000E+01 -1.39723961E+00  8.90402592E-01  3.24361269E-01
    1  1.15000000E+01 -1.35390745E+00  8.65109601E-01  3.35121559E-01
    1  1.16000000E+01 -1.31176774E+00  8.40837017E-01  3.46345368E-01
    1  1.17000000E+01 -1.27078344E+00  8.17521207E-01  3.58054458E-01
    1  1.18000000E+01 -1.23091444E+00  7.95101272E-01  3.70273274E-01
    1  1.19000000E+01 -1.19211740E+00  7.73521031E-01  3.83030054E-01
    1  1.20000000E+01 -1.15434693E+00  7.52730778E-01  3.96357575E-01
    1  1.21000000E+01 -1.11755746E+00  7.32688132E-01  4.10293339E-01
    1  1.22000000E+01 -1.08170543E+00  7.13357777E-01  4.24879239E-01
    1  1.23000000E+01 -1.04675087E+00  6.94710264E-01  4.40160921E-01
    1  1.24000000E+01 -1.01265828E+00  6.76720347E-01  4.56187089E-01
    1  1.25000000E+01 -9.79396698E-01  6.59365332E-01  4.73008996E-01
    1  1.26000000E+01 -9.46939162E-01  6.42623786E-01  4.90680195E-01
    1  1.27000000E+01 -9.15261987E-01  6.26474713E-01  5.09256550E-01
    1  1.28000000E+01 -8.84344018E-01  6.10897127E-01  5.28796389E-01
    1  1.29000000E+01 -8.54166017E-01  5.95869858E-01  5.49360720E-01
    1  1.30000000E+01 -8.24710182E-01  5.81371470E-01  5.71013473E-01
    1  1.31000000E+01 -7.95959722E-01  5.67380201E-01  5.93821796E-01
    1  1.32000000E+01 -7.67898439E-01  5.53873975E-01  6.17856478E-01
    1  1.33000000E+01 -7.40510328E-01  5.40830494E-01  6.43192550E-01
    1  1.34000000E+01 -7.13779225E-01  5.28227459E-01  6.69910068E-01
    1  1.35000000E+01 -6.87688572E-01  5.16042894E-01  6.98095016E-01
    1  1.36000000E+01 -6.62221348E-01  5.04255526E-01  7.27840217E-01
    1  1.37000000E+01 -6.37360197E-01  4.92845128E-01  7.59246106E-01
    1  1.38000000E+01 -6.13087696E-01  4.81792735E-01  7.92421268E-01
    1  1.39000000E+01 -5.89386689E-01  4.71080677E-01  8.27482719E-01
    1  1.40000000E+01 -5.66240581E-01  4.60692423E-01  8.64556016E-01
    1  1.41000000E+01 -5.43633497E-01  4.50612294E-01  9.03775369E-01
    1  1.42000000E+01 -5.21550279E-01  4.40825134E-01  9.45283963E-01
    1  1.43000000E+01 -4.99976305E-01  4.31316036E-01  9.89234664E-01
    1  1.44000000E+01 -4.78897213E-01  4.22070181E-01  1.03579119E+00
    1  1.45000000E+01 -4.58298585E-01  4.13072836E-01  1.08512977E+00
    1  1.46000000E+01 -4.38165666E-01  4.04309488E-01  1.13744112E+00
    1  1.47000000E+01 -4.18483177E-01  3.95766094E-01  1.19293261E+00
    1  1.48000000E+01 -3.99235249E-01  3.87429375E-01  1.25183041E+00
    1  1.49000000E+01 -3.80405492E-01  3.79287123E-01  1.31438121E+00
    1  1.50000000E+01 -3.61977176E-01  3.71328446E-01  1.38085338E+00
    1  1.51000000E+01 -3.43933486E-01  3.63543931E-01  1.45153722E+00
    1  1.52000000E+01 -3.26257830E-01  3.55925703E-01  1.52674413E+00
    1  1.53000000E+01 -3.08934125E-01  3.48467372E-01  1.60680448E+00
    1  1.54000000E+01 -2.91947058E-01  3.41163898E-01  1.69206394E+00
    1  1.55000000E+01 -2.75282266E-01  3.34011382E-01  1.78287807E+00
    1  1.56000000E+01 -2.58926449E-01  3.27006840E-01  1.87960481E+00
    1  1.57000000E+01 -2.42867404E-01  3.20147967E-01  1.98259451E+00
    1  1.58000000E+01 -2.27094002E-01  3.13432928E-01  2.09217664E+00
    1  1.59000000E+01 -2.11596115E-01  3.06860182E-01  2.20864275E+00
    1  1.60000000E+01 -1.96364529E-01  3.00428350E-01  2.33222451E+00
    1  1.61000000E+01 -1.81390841E-01  2.94136118E-01  2.46306596E+00
    0  1.62000000E+01 -1.66417154E-01  2.87843885E-01  2.60377281E+00
    1  1.63000000E+01 -1.52231434E-01  2.81979876E-01  2.74601177E+00
    0  1.64000000E+01 -1.38045715E-01  2.76115867E-01  2.89743697E+00
    1  1.65000000E+01 -1.23917525E-01  2.70334575E-01  3.05682696E+00
    0  1.66000000E+01 -1.09789335E-01  2.64553284E-01  3.22460250E+00
    1  1.67000000E+01 -9.66175214E-02  2.59242450E-01  3.38694870E+00
    0  1.68000000E+01 -8.34457078E-02  2.53931616E-01  3.55425242E+00
    1  1.69000000E+01 -7.00422899E-02  2.48651940E-01  3.72603203E+00
    0  1.70000000E+01 -5.66388720E-02  2.43372265E-01  3.89782156E+00
    1  1.71000000E+01 -4.44347670E-02  2.38566147E-01  4.05116686E+00
    0  1.72000000E+01 -3.22306620E-02  2.33760029E-01  4.19808286E+00
    1  1.73000000E+01 -1.94646198E-02  2.28981755E-01  4.33583003E+00
    1  1.74000000E+01 -7.34864370E-03  2.24339107E-01  4.45275971E+00
    0  1.75000000E+01  4.76733235E-03  2.19696459E-01  4.54959243E+00
    1  1.76000000E+01  1.63951532E-02  2.15470532E-01  4.61429055E+00
    0  1.77000000E+01  2.80229741E-02  2.11244605E-01  4.65198424E+00
    0  1.78000000E+01  3.96507950E-02  2.07018678E-01  4.65954799E+00
    1  1.79000000E+01  5.07145547E-02  2.02947701E-01  4.63777258E+00
    0  1.80000000E+01  6.17783144E-02  1.98876725E-01  4.58574013E+00
    1  1.81000000E+01  7.27814095E-02  1.95157591E-01  4.49841659E+00
    0  1.82000000E+01  8.37845047E-02  1.91438457E-01  4.38390012E+00
    1  1.83000000E+01  9.41331316E-02  1.87760172E-01  4.25615948E+00
    0  1.84000000E+01  1.04481758E-01  1.84081887E-01  4.10873416E+00
    1  1.85000000E+01  1.14907563E-01  1.80820459E-01  3.93946189E+00
    0  1.86000000E+01  1.25333367E-01  1.77559032E-01  3.75900373E+00
    1  1.87000000E+01  1.35001530E-01  1.74210427E-01  3.58644475E+00
    0  1.88000000E+01  1.44669693E-01  1.70861822E-01  3.40884508E+00
    1  1.89000000E+01  1.54527652E-01  1.68061353E-01  3.22429674E+00
    1  1.90000000E+01  1.64054509E-01  1.65070310E-01  3.04770943E+00
    0  1.91000000E+01  1.73581366E-01  1.62079268E-01  2.87373673E+00
    1  1.92000000E+01  1.82630478E-01  1.59439400E-01  2.71271639E+00
    0  1.93000000E+01  1.91679589E-01  1.56799533E-01  2.55677153E+00
    0  1.94000000E+01  2.00728701E-01  1.54159665E-01  2.40659335E+00
    1  1.95000000E+01  2.09428322E-01  1.51564768E-01  2.26784383E+00
    0  1.96000000E+01  2.18127943E-01  1.48969871E-01  2.13510078E+00
    0  1.97000000E+01  2.26827563E-01  1.46374974E-01  2.00853804E+00
    1  1.98000000E+01  2.34920932E-01  1.44383955E-01  1.89892510E+00
    0  1.99000000E+01  2.43014300E-01  1.42392935E-01  1.79490593E+00
    1  2.00000000E+01  2.51251947E-01  1.39894396E-01  1.69163009E+00
