    3  0.00000000E-02  7.09500037E+00  6.80586156E-01  1.33967778E-02
    3  1.00000000E-02  7.09500037E+00  6.80586156E-01  1.33967778E-02
    2  1.10000000E-01  7.24912787E+00  7.16272762E-01  1.34985601E-02
    1  2.10000000E-01  7.41113470E+00  7.54574880E-01  1.35973401E-02
    1  3.10000000E-01  7.58232094E+00  7.96253798E-01  1.36988461E-02
    1  4.10000000E-01  7.76309069E+00  8.41648680E-01  1.38034142E-02
    1  5.10000000E-01  7.95500548E+00  8.91394651E-01  1.39113702E-02
    1  6.10000000E-01  8.15756683E+00  9.45503482E-01  1.40199475E-02
    1  7.10000000E-01  8.37363547E+00  1.00532593E+00  1.41339494E-02
    1  8.10000000E-01  8.60251146E+00  1.07074192E+00  1.42481212E-02
    1  9.10000000E-01  8.84754311E+00  1.14358747E+00  1.43690575E-02
    1  1.01000000E+00  9.10815219E+00  1.22373505E+00  1.44896227E-02
    1  1.11000000E+00  9.38837447E+00  1.31376468E+00  1.46188990E-02
    2  1.21000000E+00  9.69032129E+00  1.41504963E+00  1.47547486E-02
    1  1.31000000E+00  1.00131612E+01  1.52766649E+00  1.48899488E-02
    1  1.41000000E+00  1.03632452E+01  1.65607321E+00  1.50361522E-02
    1  1.51000000E+00  1.07408934E+01  1.80107779E+00  1.51847869E-02
    2  1.61000000E+00  1.11529995E+01  1.96874167E+00  1.53489760E-02
    2  1.71000000E+00  1.16009183E+01  2.16092785E+00  1.55182309E-02
    2  1.81000000E+00  1.20911878E+01  2.38452945E+00  1.56997988E-02
    2  1.91000000E+00  1.26295375E+01  2.64673643E+00  1.58953192E-02
    2  2.01000000E+00  1.32229659E+01  2.95729571E+00  1.61079396E-02
    2  2.11000000E+00  1.38795869E+01  3.32926664E+00  1.63418077E-02
    2  2.21000000E+00  1.46085984E+01  3.78042818E+00  1.66024679E-02
    2  2.31000000E+00  1.54200343E+01  4.33548376E+00  1.68976039E-02
    2  2.41000000E+00  1.63237737E+01  5.02937933E+00  1.72380556E-02
    2  2.51000000E+00  1.73269558E+01  5.91239199E+00  1.76394652E-02
    3  2.61000000E+00  1.84291249E+01  7.06027263E+00  1.81274287E-02
    3  2.71000000E+00  1.96020987E+01  8.57580602E+00  1.87331908E-02
    3  2.81000000E+00  2.07635193E+01  1.06072542E+01  1.95116281E-02
    3  2.91000000E+00  2.17072866E+01  1.33248329E+01  2.05390052E-02
    4  3.01000000E+00  2.20108853E+01  1.68160711E+01  2.19170633E-02
    4  3.11000000E+00  2.10866204E+01  2.07904396E+01  2.37093461E-02
    4  3.21000000E+00  1.86556393E+01  2.44002829E+01  2.58640132E-02
    4  3.31000000E+00  1.52896579E+01  2.68161556E+01  2.81422216E-02
    4  3.41000000E+00  1.18867191E+01  2.80267883E+01  3.02405491E-02
    4  3.51000000E+00  8.85301934E+00  2.85238787E+01  3.19778868E-02
    4  3.61000000E+00  6.16587644E+00  2.87047882E+01  3.33008790E-02
    4  3.71000000E+00  3.64432565E+00  2.87698389E+01  3.42097039E-02
    4  3.81000000E+00  1.06687791E+00  2.87144372E+01  3.47776772E-02
    4  3.91000000E+00 -1.68088822E+00  2.83447897E+01  3.51562198E-02
    4  4.01000000E+00 -4.49110860E+00  2.74220701E+01  3.55143764E-02
    4  4.11000000E+00 -7.08250224E+00  2.58435728E+01  3.59912227E-02
    4  4.21000000E+00 -9.13608511E+00  2.37270288E+01  3.67041500E-02
    4  4.31000000E+00 -1.04841150E+01  2.13778819E+01  3.77081173E-02
    4  4.41000000E+00 -1.11771479E+01  1.91059690E+01  3.89944245E-02
    4  4.51000000E+00 -1.13918346E+01  1.70993410E+01  4.05042780E-02
    4  4.61000000E+00 -1.13174499E+01  1.54175478E+01  4.21491553E-02
    4  4.71000000E+00 -1.11025060E+01  1.40427233E+01  4.38200102E-02
    3  4.81000000E+00 -1.08522346E+01  1.29193504E+01  4.53819119E-02
    3  4.91000000E+00 -1.06145439E+01  1.19759748E+01  4.67642516E-02
    3  5.01000000E+00 -1.04093194E+01  1.11442912E+01  4.79223030E-02
    3  5.11000000E+00 -1.02224143E+01  1.03797133E+01  4.89064221E-02
    3  5.21000000E+00 -1.00311292E+01  9.66641538E+00  4.98106719E-02
    3  5.31000000E+00 -9.82551288E+00  9.00622525E+00  5.06956570E-02
    3  5.41000000E+00 -9.60869813E+00  8.40084112E+00  5.15701575E-02
    3  5.51000000E+00 -9.38630808E+00  7.84607759E+00  5.24247156E-02
    3  5.61000000E+00 -9.16081116E+00  7.33572744E+00  5.32603542E-02
    3  5.71000000E+00 -8.93220293E+00  6.86533886E+00  5.40930844E-02
    3  5.81000000E+00 -8.70054564E+00  6.43300713E+00  5.49439543E-02
    3  5.91000000E+00 -8.46768742E+00  6.03793915E+00  5.58249470E-02
    3  6.01000000E+00 -8.23706232E+00  5.67840881E+00  5.67310319E-02
    3  6.11000000E+00 -8.01204179E+00  5.35085136E+00  5.76448648E-02
    3  6.21000000E+00 -7.79440733E+00  5.05058218E+00  5.85498947E-02
    2  6.31000000E+00 -7.58443141E+00  4.77350570E+00  5.94385292E-02
    2  6.41000000E+00 -7.38017302E+00  4.51704745E+00  6.03313335E-02
    2  6.51000000E+00 -7.18052634E+00  4.27733084E+00  6.12311093E-02
    2  6.61000000E+00 -6.98527246E+00  4.05744557E+00  6.21765028E-02
    2  6.71000000E+00 -6.79449240E+00  3.85479679E+00  6.31679310E-02
    2  6.81000000E+00 -6.60914987E+00  3.66898736E+00  6.42078709E-02
    2  6.91000000E+00 -6.43006492E+00  3.49902711E+00  6.52938471E-02
    2  7.01000000E+00 -6.25819122E+00  3.34358915E+00  6.64141289E-02
    2  7.11000000E+00 -6.09389886E+00  3.20110483E+00  6.75585497E-02
    2  7.21000000E+00 -5.93741711E+00  3.07004208E+00  6.87147268E-02
    2  7.31000000E+00 -5.78915599E+00  2.94895695E+00  6.98628251E-02
    2  7.41000000E+00 -5.64902505E+00  2.83624544E+00  7.09846233E-02
    2  7.51000000E+00 -5.51636088E+00  2.73028743E+00  7.20683268E-02
    2  7.61000000E+00 -5.39059473E+00  2.62985610E+00  7.31030256E-02
    2  7.71000000E+00 -5.27109552E+00  2.53409440E+00  7.40831521E-02
    2  7.81000000E+00 -5.15671356E+00  2.44222360E+00  7.50157355E-02
    2  7.91000000E+00 -5.04658764E+00  2.35392997E+00  7.59111052E-02
    2  8.01000000E+00 -4.94039052E+00  2.26925001E+00  7.67755029E-02
    2  8.11000000E+00 -4.83774081E+00  2.18805971E+00  7.76146007E-02
    2  8.21000000E+00 -4.73822516E+00  2.11015975E+00  7.84342442E-02
    2  8.31000000E+00 -4.64175612E+00  2.03543227E+00  7.92339691E-02
    2  8.41000000E+00 -4.54831298E+00  1.96370648E+00  8.00098987E-02
    2  8.51000000E+00 -4.45751939E+00  1.89465189E+00  8.07637563E-02
    1  8.61000000E+00 -4.36939300E+00  1.82923710E+00  8.15251480E-02
    2  8.71000000E+00 -4.28279236E+00  1.76400923E+00  8.22227103E-02
    2  8.81000000E+00 -4.19844116E+00  1.70250107E+00  8.29459873E-02
    1  8.91000000E+00 -4.11616299E+00  1.64397047E+00  8.36820529E-02
    2  9.01000000E+00 -4.03476165E+00  1.58640897E+00  8.44014361E-02
    1  9.11000000E+00 -3.95593937E+00  1.53305703E+00  8.51711592E-02
    2  9.21000000E+00 -3.87761071E+00  1.48025392E+00  8.59263077E-02
    1  9.31000000E+00 -3.80209948E+00  1.43156621E+00  8.67335065E-02
    2  9.41000000E+00 -3.72699231E+00  1.38375805E+00  8.75504876E-02
    1  9.51000000E+00 -3.65468899E+00  1.33936656E+00  8.84032151E-02
    2  9.61000000E+00 -3.58299042E+00  1.29629933E+00  8.92878068E-02
    1  9.71000000E+00 -3.51385186E+00  1.25594268E+00  9.01963050E-02
    2  9.81000000E+00 -3.44565723E+00  1.21708606E+00  9.11411959E-02
    1  9.91000000E+00 -3.37968271E+00  1.18047369E+00  9.21109994E-02
    1  1.00100000E+01 -3.31522587E+00  1.14579400E+00  9.31269810E-02
    2  1.01100000E+01 -3.25201008E+00  1.11181338E+00  9.41281541E-02
    1  1.02100000E+01 -3.19089644E+00  1.08012030E+00  9.51775307E-02
    1  1.03100000E+01 -3.13045779E+00  1.05007821E+00  9.63159761E-02
    2  1.04100000E+01 -3.07211689E+00  1.02025720E+00  9.73636847E-02
    1  1.05100000E+01 -3.01525154E+00  9.92937504E-01  9.85285116E-02
    1  1.06100000E+01 -2.95892379E+00  9.66400878E-01  9.97404124E-02
    2  1.07100000E+01 -2.90487588E+00  9.40587904E-01  1.00888872E-01
    1  1.08100000E+01 -2.85184885E+00  9.16905886E-01  1.02176352E-01
    1  1.09100000E+01 -2.79959188E+00  8.93548617E-01  1.03466157E-01
    2  1.10100000E+01 -2.74935028E+00  8.71298633E-01  1.04747462E-01
    1  1.11100000E+01 -2.69997548E+00  8.50672626E-01  1.06154790E-01
    1  1.12100000E+01 -2.65158653E+00  8.30277594E-01  1.07545122E-01
    2  1.13100000E+01 -2.60486620E+00  8.11037066E-01  1.08964824E-01
    1  1.14100000E+01 -2.55897555E+00  7.92974176E-01  1.10485728E-01
    1  1.15100000E+01 -2.51426466E+00  7.75260259E-01  1.11990476E-01
    2  1.16100000E+01 -2.47088033E+00  7.58444475E-01  1.13531305E-01
    1  1.17100000E+01 -2.42832489E+00  7.42487137E-01  1.15149117E-01
    1  1.18100000E+01 -2.38703145E+00  7.26990223E-01  1.16758682E-01
    2  1.19100000E+01 -2.34674494E+00  7.12029650E-01  1.18391454E-01
    1  1.20100000E+01 -2.30726733E+00  6.97740537E-01  1.20086331E-01
    1  1.21100000E+01 -2.26895704E+00  6.83964709E-01  1.21789157E-01
    2  1.22100000E+01 -2.23138852E+00  6.70462639E-01  1.23505287E-01
    1  1.23100000E+01 -2.19457666E+00  6.57568462E-01  1.25285428E-01
    1  1.24100000E+01 -2.15878869E+00  6.45231669E-01  1.27096858E-01
    2  1.25100000E+01 -2.12355771E+00  6.33053783E-01  1.28924843E-01
    1  1.26100000E+01 -2.08906411E+00  6.21476312E-01  1.30825505E-01
    1  1.27100000E+01 -2.05548246E+00  6.10492681E-01  1.32781918E-01
    2  1.28100000E+01 -2.02237206E+00  5.99654832E-01  1.34766776E-01
    1  1.29100000E+01 -1.99001430E+00  5.89368280E-01  1.36823367E-01
    1  1.30100000E+01 -1.95852241E+00  5.79702877E-01  1.38955314E-01
    1  1.31100000E+01 -1.92728333E+00  5.70270103E-01  1.41168929E-01
    2  1.32100000E+01 -1.89724870E+00  5.61099746E-01  1.43342994E-01
    1  1.33100000E+01 -1.86757517E+00  5.52533794E-01  1.45666957E-01
    1  1.34100000E+01 -1.83873119E+00  5.44310412E-01  1.48022814E-01
    1  1.35100000E+01 -1.81037053E+00  5.36316852E-01  1.50436251E-01
    2  1.36100000E+01 -1.78297770E+00  5.28636308E-01  1.52852836E-01
    1  1.37100000E+01 -1.75587321E+00  5.21324011E-01  1.55393234E-01
    1  1.38100000E+01 -1.72969217E+00  5.14285549E-01  1.57934362E-01
    1  1.39100000E+01 -1.70392876E+00  5.07563453E-01  1.60570843E-01
    2  1.40100000E+01 -1.67896006E+00  5.00934118E-01  1.63179128E-01
    1  1.41100000E+01 -1.65433044E+00  4.94616252E-01  1.65897639E-01
    1  1.42100000E+01 -1.63061110E+00  4.88574719E-01  1.68613711E-01
    1  1.43100000E+01 -1.60721400E+00  4.82768777E-01  1.71425446E-01
    2  1.44100000E+01 -1.58461383E+00  4.76958617E-01  1.74168439E-01
    1  1.45100000E+01 -1.56233203E+00  4.71428507E-01  1.77020716E-01
    1  1.46100000E+01 -1.54089451E+00  4.66065807E-01  1.79838950E-01
    1  1.47100000E+01 -1.51980534E+00  4.60854690E-01  1.82719667E-01
    1  1.48100000E+01 -1.49925850E+00  4.55732035E-01  1.85598869E-01
    2  1.49100000E+01 -1.47952577E+00  4.50460313E-01  1.88326537E-01
    1  1.50100000E+01 -1.45991958E+00  4.45482037E-01  1.91208825E-01
    1  1.51100000E+01 -1.44107468E+00  4.40487980E-01  1.93985536E-01
    1  1.52100000E+01 -1.42264702E+00  4.35485394E-01  1.96734229E-01
    1  1.53100000E+01 -1.40462317E+00  4.30583160E-01  1.99494776E-01
    1  1.54100000E+01 -1.38702584E+00  4.25614493E-01  2.02193274E-01
    2  1.55100000E+01 -1.37001362E+00  4.20312763E-01  2.04671180E-01
    1  1.56100000E+01 -1.35309432E+00  4.15319493E-01  2.07312031E-01
    1  1.57100000E+01 -1.33673741E+00  4.10203184E-01  2.09808266E-01
    1  1.58100000E+01 -1.32067296E+00  4.04962418E-01  2.12225365E-01
    1  1.59100000E+01 -1.30491444E+00  3.99786512E-01  2.14635386E-01
    1  1.60100000E+01 -1.28943663E+00  3.94531771E-01  2.16978115E-01
    1  1.61100000E+01 -1.27425927E+00  3.89112316E-01  2.19200290E-01
    1  1.62100000E+01 -1.25930372E+00  3.83606767E-01  2.21354162E-01
    1  1.63100000E+01 -1.24456315E+00  3.78087883E-01  2.23471005E-01
    1  1.64100000E+01 -1.23004114E+00  3.72520219E-01  2.25527555E-01
    1  1.65100000E+01 -1.21572426E+00  3.66854825E-01  2.27497284E-01
    1  1.66100000E+01 -1.20155566E+00  3.61126660E-01  2.29410801E-01
    1  1.67100000E+01 -1.18753174E+00  3.55386085E-01  2.31291204E-01
    1  1.68100000E+01 -1.17365953E+00  3.49617123E-01  2.33123334E-01
    1  1.69100000E+01 -1.15993025E+00  3.43792471E-01  2.34890055E-01
    1  1.70100000E+01 -1.14629259E+00  3.37937991E-01  2.36619970E-01
    1  1.71100000E+01 -1.13274783E+00  3.32092635E-01  2.38332051E-01
    1  1.72100000E+01 -1.11931619E+00  3.26250227E-01  2.40012007E-01
    1  1.73100000E+01 -1.10598391E+00  3.20394494E-01  2.41651591E-01
    1  1.74100000E+01 -1.09270847E+00  3.14544246E-01  2.43276440E-01
    1  1.75100000E+01 -1.07949902E+00  3.08730688E-01  2.44901368E-01
    1  1.76100000E+01 -1.06637556E+00  3.02954187E-01  2.46517047E-01
    1  1.77100000E+01 -1.05332157E+00  2.97200150E-01  2.48118729E-01
    1  1.78100000E+01 -1.04030537E+00  2.91484478E-01  2.49730006E-01
    1  1.79100000E+01 -1.02734269E+00  2.85840330E-01  2.51368267E-01
    1  1.80100000E+01 -1.01445095E+00  2.80264630E-01  2.53024288E-01
    1  1.81100000E+01 -1.00161157E+00  2.74741332E-01  2.54694686E-01
    1  1.82100000E+01 -9.88806046E-01  2.69294478E-01  2.56408194E-01
    1  1.83100000E+01 -9.76054997E-01  2.63952587E-01  2.58181122E-01
    1  1.84100000E+01 -9.63371339E-01  2.58701952E-01  2.59999078E-01
    1  1.85100000E+01 -9.50739395E-01  2.53533889E-01  2.61865174E-01
    1  1.86100000E+01 -9.38150821E-01  2.48477524E-01  2.63813520E-01
    1  1.87100000E+01 -9.25628761E-01  2.43547978E-01  2.65851824E-01
    1  1.88100000E+01 -9.13183869E-01  2.38726177E-01  2.67962202E-01
    1  1.89100000E+01 -9.00802220E-01  2.34012424E-01  2.70157793E-01
    1  1.90100000E+01 -8.88483167E-01  2.29433238E-01  2.72472456E-01
    1  1.91100000E+01 -8.76252720E-01  2.24989982E-01  2.74901237E-01
    1  1.92100000E+01 -8.64117472E-01  2.20662770E-01  2.77426765E-01
    1  1.93100000E+01 -8.52063756E-01  2.16457358E-01  2.80070850E-01
    1  1.94100000E+01 -8.40098668E-01  2.12393158E-01  2.82860260E-01
    1  1.95100000E+01 -8.28248345E-01  2.08460755E-01  2.85777517E-01
    1  1.96100000E+01 -8.16512244E-01  2.04640753E-01  2.88808063E-01
    1  1.97100000E+01 -8.04876704E-01  2.00940860E-01  2.91978740E-01
    1  1.98100000E+01 -7.93355194E-01  1.97373519E-01  2.95306315E-01
    1  1.99100000E+01 -7.81970261E-01  1.93921644E-01  2.98762433E-01
