#   omega (eV)      epsilon_1       epsilon_2       n               kappa           mu (cm^(-1))    R               epsinv   
    0.000000E+00    0.120319E+02    0.110319E+01    0.247234E+01    0.158854E+00    0.000000E+00    0.306471E+00    0.755692E-02
    0.100000E+00    0.120375E+02    0.110492E+01    0.247316E+01    0.159065E+00    0.161220E-01    0.306563E+00    0.756157E-02
    0.200000E+00    0.120543E+02    0.111011E+01    0.247561E+01    0.159701E+00    0.323728E-01    0.306839E+00    0.757552E-02
    0.300000E+00    0.120825E+02    0.111884E+01    0.247970E+01    0.160766E+00    0.488833E-01    0.307301E+00    0.759882E-02
    0.400000E+00    0.121222E+02    0.113120E+01    0.248547E+01    0.162274E+00    0.657888E-01    0.307950E+00    0.763156E-02
    0.500000E+00    0.121737E+02    0.114735E+01    0.249294E+01    0.164239E+00    0.832317E-01    0.308790E+00    0.767386E-02
    0.600000E+00    0.122373E+02    0.116749E+01    0.250215E+01    0.166681E+00    0.101363E+00    0.309824E+00    0.772586E-02
    0.700000E+00    0.123135E+02    0.119186E+01    0.251316E+01    0.169629E+00    0.120348E+00    0.311057E+00    0.778776E-02
    0.800000E+00    0.124029E+02    0.122080E+01    0.252603E+01    0.173113E+00    0.140367E+00    0.312494E+00    0.785982E-02
    0.900000E+00    0.125061E+02    0.125470E+01    0.254083E+01    0.177176E+00    0.161618E+00    0.314142E+00    0.794231E-02
    0.100000E+01    0.126239E+02    0.129403E+01    0.255766E+01    0.181865E+00    0.184328E+00    0.316010E+00    0.803561E-02
    0.110000E+01    0.127572E+02    0.133937E+01    0.257662E+01    0.187239E+00    0.208753E+00    0.318106E+00    0.814012E-02
    0.120000E+01    0.129071E+02    0.139143E+01    0.259784E+01    0.193370E+00    0.235188E+00    0.320442E+00    0.825637E-02
    0.130000E+01    0.130748E+02    0.145107E+01    0.262146E+01    0.200343E+00    0.263974E+00    0.323029E+00    0.838496E-02
    0.140000E+01    0.132619E+02    0.151933E+01    0.264764E+01    0.208262E+00    0.295517E+00    0.325882E+00    0.852663E-02
    0.150000E+01    0.134701E+02    0.159750E+01    0.267659E+01    0.217253E+00    0.330293E+00    0.329019E+00    0.868226E-02
    0.160000E+01    0.137014E+02    0.168714E+01    0.270852E+01    0.227468E+00    0.368879E+00    0.332457E+00    0.885292E-02
    0.170000E+01    0.139582E+02    0.179023E+01    0.274370E+01    0.239098E+00    0.411973E+00    0.336220E+00    0.903996E-02
    0.180000E+01    0.142432E+02    0.190922E+01    0.278244E+01    0.252379E+00    0.460435E+00    0.340333E+00    0.924500E-02
    0.190000E+01    0.145598E+02    0.204723E+01    0.282510E+01    0.267605E+00    0.515338E+00    0.344826E+00    0.947012E-02
    0.200000E+01    0.149118E+02    0.220829E+01    0.287209E+01    0.285155E+00    0.578035E+00    0.349736E+00    0.971796E-02
    0.210000E+01    0.153038E+02    0.239761E+01    0.292392E+01    0.305513E+00    0.650267E+00    0.355104E+00    0.999195E-02
    0.220000E+01    0.157411E+02    0.262212E+01    0.298115E+01    0.329317E+00    0.734311E+00    0.360979E+00    0.102966E-01
    0.230000E+01    0.162301E+02    0.289115E+01    0.304448E+01    0.357419E+00    0.833199E+00    0.367420E+00    0.106381E-01
    0.240000E+01    0.167777E+02    0.321751E+01    0.311468E+01    0.390980E+00    0.951062E+00    0.374498E+00    0.110248E-01
    0.250000E+01    0.173918E+02    0.361920E+01    0.319262E+01    0.431615E+00    0.109365E+01    0.382294E+00    0.114687E-01
    0.260000E+01    0.180797E+02    0.412195E+01    0.327921E+01    0.481625E+00    0.126919E+01    0.390903E+00    0.119871E-01
    0.270000E+01    0.188458E+02    0.476319E+01    0.337517E+01    0.544344E+00    0.148964E+01    0.400431E+00    0.126060E-01
    0.280000E+01    0.196853E+02    0.559734E+01    0.348056E+01    0.624625E+00    0.177264E+01    0.410970E+00    0.133639E-01
    0.290000E+01    0.205688E+02    0.670042E+01    0.359355E+01    0.729329E+00    0.214370E+01    0.422553E+00    0.143180E-01
    0.300000E+01    0.214126E+02    0.816321E+01    0.370789E+01    0.866971E+00    0.263614E+01    0.435025E+00    0.155449E-01
    0.310000E+01    0.220423E+02    0.100437E+02    0.380962E+01    0.104413E+01    0.328065E+01    0.447835E+00    0.171179E-01
    0.320000E+01    0.222176E+02    0.122596E+02    0.387818E+01    0.125658E+01    0.407551E+01    0.459960E+00    0.190390E-01
    0.330000E+01    0.218043E+02    0.145414E+02    0.389963E+01    0.148393E+01    0.496331E+01    0.470420E+00    0.211702E-01
    0.340000E+01    0.209063E+02    0.166189E+02    0.387921E+01    0.170303E+01    0.586875E+01    0.479071E+00    0.232999E-01
    0.350000E+01    0.197330E+02    0.183968E+02    0.383277E+01    0.190333E+01    0.675191E+01    0.486475E+00    0.252761E-01
    0.360000E+01    0.184520E+02    0.199191E+02    0.377516E+01    0.208570E+01    0.761023E+01    0.493387E+00    0.270183E-01
    0.370000E+01    0.171414E+02    0.213043E+02    0.371622E+01    0.225862E+01    0.847008E+01    0.500619E+00    0.284931E-01
    0.380000E+01    0.157643E+02    0.226785E+02    0.365745E+01    0.243465E+01    0.937701E+01    0.508893E+00    0.297296E-01
    0.390000E+01    0.141868E+02    0.240968E+02    0.359073E+01    0.262450E+01    0.103742E+02    0.518593E+00    0.308175E-01
    0.400000E+01    0.122445E+02    0.254886E+02    0.350120E+01    0.283131E+01    0.114786E+02    0.529649E+00    0.318768E-01
    0.410000E+01    0.983438E+01    0.266520E+02    0.337281E+01    0.304747E+01    0.126639E+02    0.541564E+00    0.330242E-01
    0.420000E+01    0.700672E+01    0.273109E+02    0.319536E+01    0.325489E+01    0.138557E+02    0.553520E+00    0.343543E-01
    0.430000E+01    0.400342E+01    0.272438E+02    0.297113E+01    0.343023E+01    0.149498E+02    0.564552E+00    0.359298E-01
    0.440000E+01    0.117795E+01    0.264203E+02    0.271648E+01    0.355448E+01    0.158515E+02    0.573792E+00    0.377746E-01
    0.450000E+01   -0.117568E+01    0.250284E+02    0.245545E+01    0.362158E+01    0.165179E+02    0.580737E+00    0.398667E-01
    0.460000E+01   -0.294316E+01    0.233577E+02    0.220931E+01    0.363907E+01    0.169665E+02    0.585375E+00    0.421432E-01
    0.470000E+01   -0.417646E+01    0.216617E+02    0.199034E+01    0.362196E+01    0.172538E+02    0.588127E+00    0.445098E-01
    0.480000E+01   -0.501400E+01    0.200911E+02    0.180119E+01    0.358618E+01    0.174468E+02    0.589715E+00    0.468550E-01
    0.490000E+01   -0.560275E+01    0.186920E+02    0.163732E+01    0.354375E+01    0.175996E+02    0.590928E+00    0.490885E-01
    0.500000E+01   -0.604731E+01    0.174416E+02    0.149128E+01    0.350054E+01    0.177398E+02    0.592309E+00    0.511815E-01
    0.510000E+01   -0.639746E+01    0.162968E+02    0.135691E+01    0.345724E+01    0.178707E+02    0.594009E+00    0.531684E-01
    0.520000E+01   -0.666596E+01    0.152276E+02    0.123122E+01    0.341238E+01    0.179847E+02    0.595887E+00    0.551097E-01
    0.530000E+01   -0.685552E+01    0.142252E+02    0.111370E+01    0.336500E+01    0.180761E+02    0.597742E+00    0.570481E-01
    0.540000E+01   -0.697507E+01    0.132912E+02    0.100439E+01    0.331552E+01    0.181463E+02    0.599503E+00    0.589913E-01
    0.550000E+01   -0.703899E+01    0.124243E+02    0.902727E+00    0.326487E+01    0.182000E+02    0.601214E+00    0.609301E-01
    0.560000E+01   -0.705933E+01    0.116179E+02    0.807644E+00    0.321355E+01    0.182397E+02    0.602929E+00    0.628641E-01
    0.570000E+01   -0.704238E+01    0.108647E+02    0.718298E+00    0.316148E+01    0.182645E+02    0.604627E+00    0.648109E-01
    0.580000E+01   -0.699085E+01    0.101606E+02    0.634390E+00    0.310839E+01    0.182729E+02    0.606221E+00    0.667977E-01
    0.590000E+01   -0.690764E+01    0.950521E+01    0.556028E+00    0.305432E+01    0.182646E+02    0.607612E+00    0.688461E-01
    0.600000E+01   -0.679817E+01    0.889909E+01    0.483315E+00    0.299973E+01    0.182422E+02    0.608759E+00    0.709606E-01
    0.610000E+01   -0.666967E+01    0.834115E+01    0.416013E+00    0.294529E+01    0.182097E+02    0.609695E+00    0.731300E-01
    0.620000E+01   -0.652873E+01    0.782756E+01    0.353544E+00    0.289151E+01    0.181702E+02    0.610490E+00    0.753411E-01
    0.630000E+01   -0.637948E+01    0.735319E+01    0.295253E+00    0.283851E+01    0.181249E+02    0.611191E+00    0.775922E-01
    0.640000E+01   -0.622360E+01    0.691355E+01    0.240679E+00    0.278620E+01    0.180732E+02    0.611788E+00    0.798974E-01
    0.650000E+01   -0.606167E+01    0.650589E+01    0.189639E+00    0.273439E+01    0.180143E+02    0.612225E+00    0.822797E-01
    0.660000E+01   -0.589452E+01    0.612892E+01    0.142137E+00    0.268309E+01    0.179483E+02    0.612433E+00    0.847601E-01
    0.670000E+01   -0.572393E+01    0.578193E+01    0.981906E-01    0.263248E+01    0.178765E+02    0.612370E+00    0.873482E-01
    0.680000E+01   -0.555241E+01    0.546375E+01    0.576971E-01    0.258285E+01    0.178013E+02    0.612041E+00    0.900393E-01
    0.690000E+01   -0.538254E+01    0.517242E+01    0.203980E-01    0.253451E+01    0.177250E+02    0.611490E+00    0.928194E-01
    0.700000E+01   -0.521630E+01    0.490536E+01   -0.140557E-01    0.248765E+01    0.176494E+02    0.610774E+00    0.956726E-01
    0.710000E+01   -0.505496E+01    0.465990E+01   -0.460176E-01    0.244234E+01    0.175755E+02    0.609946E+00    0.985863E-01
    0.720000E+01   -0.489917E+01    0.443360E+01   -0.757980E-01    0.239861E+01    0.175039E+02    0.609047E+00    0.101551E+00
    0.730000E+01   -0.474933E+01    0.422432E+01   -0.103661E+00    0.235643E+01    0.174349E+02    0.608109E+00    0.104560E+00
    0.740000E+01   -0.460567E+01    0.403017E+01   -0.129846E+00    0.231578E+01    0.173689E+02    0.607168E+00    0.107602E+00
    0.750000E+01   -0.446834E+01    0.384937E+01   -0.154592E+00    0.227663E+01    0.173060E+02    0.606264E+00    0.110666E+00
    0.760000E+01   -0.433729E+01    0.368014E+01   -0.178141E+00    0.223891E+01    0.172462E+02    0.605440E+00    0.113741E+00
    0.770000E+01   -0.421217E+01    0.352085E+01   -0.200716E+00    0.220250E+01    0.171890E+02    0.604728E+00    0.116821E+00
    0.780000E+01   -0.409237E+01    0.337012E+01   -0.222483E+00    0.216723E+01    0.171334E+02    0.604139E+00    0.119911E+00
    0.790000E+01   -0.397711E+01    0.322699E+01   -0.243529E+00    0.213292E+01    0.170783E+02    0.603659E+00    0.123022E+00
    0.800000E+01   -0.386570E+01    0.309087E+01   -0.263877E+00    0.209942E+01    0.170229E+02    0.603259E+00    0.126173E+00
    0.810000E+01   -0.375764E+01    0.296143E+01   -0.283514E+00    0.206664E+01    0.169665E+02    0.602907E+00    0.129377E+00
    0.820000E+01   -0.365268E+01    0.283846E+01   -0.302428E+00    0.203452E+01    0.169091E+02    0.602582E+00    0.132645E+00
    0.830000E+01   -0.355073E+01    0.272165E+01   -0.320629E+00    0.200307E+01    0.168507E+02    0.602275E+00    0.135980E+00
    0.840000E+01   -0.345177E+01    0.261064E+01   -0.338159E+00    0.197226E+01    0.167914E+02    0.601991E+00    0.139382E+00
    0.850000E+01   -0.335572E+01    0.250499E+01   -0.355074E+00    0.194207E+01    0.167312E+02    0.601739E+00    0.142850E+00
    0.860000E+01   -0.326240E+01    0.240425E+01   -0.371425E+00    0.191246E+01    0.166700E+02    0.601522E+00    0.146389E+00
    0.870000E+01   -0.317160E+01    0.230807E+01   -0.387248E+00    0.188337E+01    0.166072E+02    0.601335E+00    0.150009E+00
    0.880000E+01   -0.308307E+01    0.221620E+01   -0.402554E+00    0.185473E+01    0.165427E+02    0.601161E+00    0.153723E+00
    0.890000E+01   -0.299660E+01    0.212846E+01   -0.417338E+00    0.182650E+01    0.164760E+02    0.600979E+00    0.157548E+00
    0.900000E+01   -0.291206E+01    0.204476E+01   -0.431586E+00    0.179865E+01    0.164072E+02    0.600768E+00    0.161499E+00
    0.910000E+01   -0.282939E+01    0.196500E+01   -0.445287E+00    0.177119E+01    0.163361E+02    0.600511E+00    0.165590E+00
    0.920000E+01   -0.274856E+01    0.188907E+01   -0.458438E+00    0.174409E+01    0.162630E+02    0.600195E+00    0.169832E+00
    0.930000E+01   -0.266958E+01    0.181683E+01   -0.471045E+00    0.171737E+01    0.161879E+02    0.599812E+00    0.174234E+00
    0.940000E+01   -0.259243E+01    0.174813E+01   -0.483118E+00    0.169104E+01    0.161111E+02    0.599358E+00    0.178806E+00
    0.950000E+01   -0.251714E+01    0.168282E+01   -0.494673E+00    0.166508E+01    0.160325E+02    0.598828E+00    0.183556E+00
    0.960000E+01   -0.244368E+01    0.162074E+01   -0.505724E+00    0.163951E+01    0.159525E+02    0.598219E+00    0.188494E+00
    0.970000E+01   -0.237205E+01    0.156174E+01   -0.516285E+00    0.161432E+01    0.158710E+02    0.597528E+00    0.193628E+00
    0.980000E+01   -0.230226E+01    0.150567E+01   -0.526375E+00    0.158952E+01    0.157883E+02    0.596756E+00    0.198967E+00
    0.990000E+01   -0.223429E+01    0.145238E+01   -0.536014E+00    0.156511E+01    0.157045E+02    0.595904E+00    0.204519E+00
    0.100000E+02   -0.216814E+01    0.140170E+01   -0.545225E+00    0.154109E+01    0.156196E+02    0.594975E+00    0.210289E+00
    0.101000E+02   -0.210378E+01    0.135347E+01   -0.554031E+00    0.151745E+01    0.155339E+02    0.593973E+00    0.216287E+00
    0.102000E+02   -0.204118E+01    0.130756E+01   -0.562455E+00    0.149420E+01    0.154472E+02    0.592901E+00    0.222521E+00
    0.103000E+02   -0.198029E+01    0.126380E+01   -0.570517E+00    0.147131E+01    0.153597E+02    0.591762E+00    0.229002E+00
    0.104000E+02   -0.192107E+01    0.122209E+01   -0.578235E+00    0.144878E+01    0.152714E+02    0.590556E+00    0.235742E+00
    0.105000E+02   -0.186347E+01    0.118230E+01   -0.585622E+00    0.142660E+01    0.151822E+02    0.589282E+00    0.242755E+00
    0.106000E+02   -0.180744E+01    0.114433E+01   -0.592692E+00    0.140476E+01    0.150921E+02    0.587939E+00    0.250055E+00
    0.107000E+02   -0.175294E+01    0.110810E+01   -0.599457E+00    0.138325E+01    0.150012E+02    0.586525E+00    0.257657E+00
    0.108000E+02   -0.169993E+01    0.107350E+01   -0.605929E+00    0.136207E+01    0.149096E+02    0.585042E+00    0.265575E+00
    0.109000E+02   -0.164839E+01    0.104045E+01   -0.612121E+00    0.134121E+01    0.148172E+02    0.583491E+00    0.273824E+00
    0.110000E+02   -0.159826E+01    0.100886E+01   -0.618047E+00    0.132066E+01    0.147241E+02    0.581873E+00    0.282417E+00
    0.111000E+02   -0.154952E+01    0.978653E+00   -0.623718E+00    0.130043E+01    0.146303E+02    0.580190E+00    0.291372E+00
    0.112000E+02   -0.150213E+01    0.949744E+00   -0.629149E+00    0.128049E+01    0.145358E+02    0.578445E+00    0.300704E+00
    0.113000E+02   -0.145604E+01    0.922061E+00   -0.634349E+00    0.126085E+01    0.144406E+02    0.576639E+00    0.310432E+00
    0.114000E+02   -0.141122E+01    0.895537E+00   -0.639331E+00    0.124149E+01    0.143447E+02    0.574774E+00    0.320574E+00
    0.115000E+02   -0.136765E+01    0.870102E+00   -0.644106E+00    0.122242E+01    0.142482E+02    0.572853E+00    0.331148E+00
    0.116000E+02   -0.132527E+01    0.845692E+00   -0.648686E+00    0.120361E+01    0.141510E+02    0.570880E+00    0.342175E+00
    0.117000E+02   -0.128405E+01    0.822243E+00   -0.653083E+00    0.118507E+01    0.140532E+02    0.568858E+00    0.353674E+00
    0.118000E+02   -0.124395E+01    0.799694E+00   -0.657309E+00    0.116678E+01    0.139546E+02    0.566790E+00    0.365672E+00
    0.119000E+02   -0.120493E+01    0.777989E+00   -0.661372E+00    0.114874E+01    0.138551E+02    0.564678E+00    0.378194E+00
    0.120000E+02   -0.116694E+01    0.757079E+00   -0.665281E+00    0.113092E+01    0.137548E+02    0.562523E+00    0.391273E+00
    0.121000E+02   -0.112993E+01    0.736922E+00   -0.669041E+00    0.111331E+01    0.136536E+02    0.560322E+00    0.404946E+00
    0.122000E+02   -0.109387E+01    0.717481E+00   -0.672656E+00    0.109591E+01    0.135513E+02    0.558072E+00    0.419252E+00
    0.123000E+02   -0.105871E+01    0.698728E+00   -0.676127E+00    0.107871E+01    0.134478E+02    0.555767E+00    0.434236E+00
    0.124000E+02   -0.102442E+01    0.680637E+00   -0.679454E+00    0.106168E+01    0.133432E+02    0.553404E+00    0.449946E+00
    0.125000E+02   -0.990968E+00    0.663184E+00   -0.682638E+00    0.104484E+01    0.132374E+02    0.550976E+00    0.466429E+00
    0.126000E+02   -0.958322E+00    0.646348E+00   -0.685678E+00    0.102816E+01    0.131303E+02    0.548480E+00    0.483740E+00
    0.127000E+02   -0.926462E+00    0.630108E+00   -0.688576E+00    0.101166E+01    0.130221E+02    0.545910E+00    0.501931E+00
    0.128000E+02   -0.895364E+00    0.614442E+00   -0.691331E+00    0.995309E+00    0.129125E+02    0.543263E+00    0.521060E+00
    0.129000E+02   -0.865012E+00    0.599330E+00   -0.693945E+00    0.979123E+00    0.128018E+02    0.540538E+00    0.541184E+00
    0.130000E+02   -0.835386E+00    0.584750E+00   -0.696421E+00    0.963092E+00    0.126898E+02    0.537731E+00    0.562367E+00
    0.131000E+02   -0.806469E+00    0.570679E+00   -0.698759E+00    0.947214E+00    0.125766E+02    0.534843E+00    0.584672E+00
    0.132000E+02   -0.778246E+00    0.557096E+00   -0.700964E+00    0.931487E+00    0.124622E+02    0.531872E+00    0.608168E+00
    0.133000E+02   -0.750700E+00    0.543978E+00   -0.703039E+00    0.915907E+00    0.123466E+02    0.528819E+00    0.632928E+00
    0.134000E+02   -0.723815E+00    0.531302E+00   -0.704986E+00    0.900471E+00    0.122298E+02    0.525684E+00    0.659029E+00
    0.135000E+02   -0.697573E+00    0.519047E+00   -0.706811E+00    0.885174E+00    0.121117E+02    0.522468E+00    0.686554E+00
    0.136000E+02   -0.671958E+00    0.507192E+00   -0.708515E+00    0.870013E+00    0.119924E+02    0.519171E+00    0.715593E+00
    0.137000E+02   -0.646953E+00    0.495715E+00   -0.710102E+00    0.854982E+00    0.118719E+02    0.515794E+00    0.746242E+00
    0.138000E+02   -0.622539E+00    0.484599E+00   -0.711575E+00    0.840077E+00    0.117501E+02    0.512335E+00    0.778608E+00
    0.139000E+02   -0.598701E+00    0.473825E+00   -0.712935E+00    0.825292E+00    0.116270E+02    0.508796E+00    0.812802E+00
    0.140000E+02   -0.575420E+00    0.463377E+00   -0.714185E+00    0.810623E+00    0.115025E+02    0.505174E+00    0.848946E+00
    0.141000E+02   -0.552681E+00    0.453239E+00   -0.715326E+00    0.796066E+00    0.113766E+02    0.501470E+00    0.887169E+00
    0.142000E+02   -0.530470E+00    0.443395E+00   -0.716360E+00    0.781615E+00    0.112493E+02    0.497682E+00    0.927610E+00
    0.143000E+02   -0.508770E+00    0.433831E+00   -0.717288E+00    0.767266E+00    0.111205E+02    0.493811E+00    0.970417E+00
    0.144000E+02   -0.487569E+00    0.424532E+00   -0.718111E+00    0.753014E+00    0.109903E+02    0.489856E+00    0.101575E+01
    0.145000E+02   -0.466850E+00    0.415483E+00   -0.718833E+00    0.738854E+00    0.108585E+02    0.485818E+00    0.106377E+01
    0.146000E+02   -0.446600E+00    0.406668E+00   -0.719454E+00    0.724780E+00    0.107251E+02    0.481695E+00    0.111468E+01
    0.147000E+02   -0.426803E+00    0.398075E+00   -0.719975E+00    0.710786E+00    0.105901E+02    0.477488E+00    0.116866E+01
    0.148000E+02   -0.407443E+00    0.389690E+00   -0.720397E+00    0.696865E+00    0.104533E+02    0.473194E+00    0.122595E+01
    0.149000E+02   -0.388503E+00    0.381501E+00   -0.720720E+00    0.683009E+00    0.103147E+02    0.468812E+00    0.128678E+01
    0.150000E+02   -0.369968E+00    0.373496E+00   -0.720942E+00    0.669209E+00    0.101741E+02    0.464337E+00    0.135141E+01
    0.151000E+02   -0.351819E+00    0.365667E+00   -0.721060E+00    0.655459E+00    0.100315E+02    0.459763E+00    0.142013E+01
    0.152000E+02   -0.334040E+00    0.358004E+00   -0.721071E+00    0.641748E+00    0.988671E+01    0.455084E+00    0.149324E+01
    0.153000E+02   -0.316615E+00    0.350503E+00   -0.720969E+00    0.628071E+00    0.973966E+01    0.450292E+00    0.157108E+01
    0.154000E+02   -0.299529E+00    0.343157E+00   -0.720747E+00    0.614419E+00    0.959023E+01    0.445376E+00    0.165397E+01
    0.155000E+02   -0.282767E+00    0.335963E+00   -0.720397E+00    0.600787E+00    0.943833E+01    0.440327E+00    0.174229E+01
    0.156000E+02   -0.266316E+00    0.328918E+00   -0.719911E+00    0.587167E+00    0.928389E+01    0.435132E+00    0.183639E+01
    0.157000E+02   -0.250163E+00    0.322019E+00   -0.719279E+00    0.573557E+00    0.912682E+01    0.429780E+00    0.193663E+01
    0.158000E+02   -0.234298E+00    0.315265E+00   -0.718489E+00    0.559952E+00    0.896709E+01    0.424259E+00    0.204336E+01
    0.159000E+02   -0.218710E+00    0.308654E+00   -0.717531E+00    0.546350E+00    0.880464E+01    0.418556E+00    0.215689E+01
    0.160000E+02   -0.203389E+00    0.302185E+00   -0.716391E+00    0.532750E+00    0.863947E+01    0.412659E+00    0.227750E+01
    0.161000E+02   -0.188328E+00    0.295856E+00   -0.715059E+00    0.519153E+00    0.847158E+01    0.406556E+00    0.240537E+01
    0.162000E+02   -0.173519E+00    0.289666E+00   -0.713519E+00    0.505559E+00    0.830100E+01    0.400235E+00    0.254059E+01
    0.163000E+02   -0.158954E+00    0.283614E+00   -0.711758E+00    0.491973E+00    0.812778E+01    0.393687E+00    0.268312E+01
    0.164000E+02   -0.144627E+00    0.277698E+00   -0.709762E+00    0.478398E+00    0.795200E+01    0.386901E+00    0.283270E+01
    0.165000E+02   -0.130531E+00    0.271917E+00   -0.707516E+00    0.464842E+00    0.777379E+01    0.379869E+00    0.298884E+01
    0.166000E+02   -0.116662E+00    0.266270E+00   -0.705006E+00    0.451314E+00    0.759329E+01    0.372584E+00    0.315076E+01
    0.167000E+02   -0.103014E+00    0.260753E+00   -0.702216E+00    0.437823E+00    0.741069E+01    0.365044E+00    0.331729E+01
    0.168000E+02   -0.895820E-01    0.255367E+00   -0.699133E+00    0.424385E+00    0.722625E+01    0.357245E+00    0.348685E+01
    0.169000E+02   -0.763608E-01    0.250108E+00   -0.695743E+00    0.411015E+00    0.704024E+01    0.349190E+00    0.365735E+01
    0.170000E+02   -0.633461E-01    0.244976E+00   -0.692033E+00    0.397731E+00    0.685301E+01    0.340883E+00    0.382620E+01
    0.171000E+02   -0.505336E-01    0.239967E+00   -0.687993E+00    0.384554E+00    0.666495E+01    0.332336E+00    0.399028E+01
    0.172000E+02   -0.379190E-01    0.235081E+00   -0.683614E+00    0.371509E+00    0.647652E+01    0.323561E+00    0.414598E+01
    0.173000E+02   -0.254984E-01    0.230315E+00   -0.678890E+00    0.358623E+00    0.628821E+01    0.314578E+00    0.428931E+01
    0.174000E+02   -0.132677E-01    0.225667E+00   -0.673819E+00    0.345922E+00    0.610058E+01    0.305413E+00    0.441605E+01
    0.175000E+02   -0.122309E-02    0.221135E+00   -0.668401E+00    0.333438E+00    0.591420E+01    0.296094E+00    0.452199E+01
    0.176000E+02    0.106391E-01    0.216718E+00   -0.662644E+00    0.321201E+00    0.572971E+01    0.286657E+00    0.460320E+01
    0.177000E+02    0.223224E-01    0.212414E+00   -0.656557E+00    0.309242E+00    0.554773E+01    0.277141E+00    0.465637E+01
    0.178000E+02    0.338301E-01    0.208221E+00   -0.650156E+00    0.297591E+00    0.536888E+01    0.267588E+00    0.467907E+01
    0.179000E+02    0.451654E-01    0.204138E+00   -0.643461E+00    0.286277E+00    0.519378E+01    0.258042E+00    0.467004E+01
    0.180000E+02    0.563312E-01    0.200164E+00   -0.636496E+00    0.275325E+00    0.502299E+01    0.248550E+00    0.462927E+01
    0.181000E+02    0.673300E-01    0.196296E+00   -0.629290E+00    0.264757E+00    0.485701E+01    0.239156E+00    0.455808E+01
    0.182000E+02    0.781643E-01    0.192534E+00   -0.621873E+00    0.254590E+00    0.469630E+01    0.229903E+00    0.445897E+01
    0.183000E+02    0.888362E-01    0.188877E+00   -0.614279E+00    0.244836E+00    0.454119E+01    0.220831E+00    0.433538E+01
    0.184000E+02    0.993476E-01    0.185322E+00   -0.606541E+00    0.235504E+00    0.439197E+01    0.211975E+00    0.419146E+01
    0.185000E+02    0.109700E+00    0.181869E+00   -0.598694E+00    0.226596E+00    0.424881E+01    0.203365E+00    0.403164E+01
    0.186000E+02    0.119896E+00    0.178514E+00   -0.590771E+00    0.218111E+00    0.411181E+01    0.195025E+00    0.386040E+01
    0.187000E+02    0.129936E+00    0.175258E+00   -0.582803E+00    0.210042E+00    0.398099E+01    0.186974E+00    0.368199E+01
    0.188000E+02    0.139822E+00    0.172097E+00   -0.574818E+00    0.202381E+00    0.385630E+01    0.179226E+00    0.350022E+01
    0.189000E+02    0.149554E+00    0.169030E+00   -0.566845E+00    0.195115E+00    0.373762E+01    0.171789E+00    0.331838E+01
    0.190000E+02    0.159134E+00    0.166054E+00   -0.558905E+00    0.188230E+00    0.362481E+01    0.164666E+00    0.313916E+01
    0.191000E+02    0.168564E+00    0.163168E+00   -0.551021E+00    0.181710E+00    0.351767E+01    0.157859E+00    0.296467E+01
    0.192000E+02    0.177843E+00    0.160368E+00   -0.543211E+00    0.175538E+00    0.341598E+01    0.151363E+00    0.279650E+01
    0.193000E+02    0.186973E+00    0.157652E+00   -0.535489E+00    0.169696E+00    0.331950E+01    0.145173E+00    0.263574E+01
    0.194000E+02    0.195956E+00    0.155016E+00   -0.527870E+00    0.164167E+00    0.322798E+01    0.139280E+00    0.248309E+01
    0.195000E+02    0.204792E+00    0.152459E+00   -0.520363E+00    0.158932E+00    0.314116E+01    0.133676E+00    0.233892E+01
    0.196000E+02    0.213482E+00    0.149977E+00   -0.512978E+00    0.153974E+00    0.305877E+01    0.128350E+00    0.220335E+01
    0.197000E+02    0.222029E+00    0.147567E+00   -0.505721E+00    0.149275E+00    0.298055E+01    0.123289E+00    0.207628E+01
    0.198000E+02    0.230433E+00    0.145225E+00   -0.498596E+00    0.144818E+00    0.290624E+01    0.118483E+00    0.195748E+01
    0.199000E+02    0.238697E+00    0.142948E+00   -0.491608E+00    0.140588E+00    0.283561E+01    0.113918E+00    0.184663E+01
    0.200000E+02    0.246822E+00    0.140733E+00   -0.484759E+00    0.136570E+00    0.276840E+01    0.109583E+00    0.174332E+01
