#   omega (eV)      epsilon_1       epsilon_2       n               kappa           mu (cm^(-1))    R               epsinv   
    0.000000E+00    0.708004E+01    0.677361E+00    0.166387E+01    0.127139E+00    0.000000E+00    0.207188E+00    0.133903E-01
    0.100000E+00    0.723339E+01    0.712585E+00    0.169275E+01    0.132316E+00    0.134108E-01    0.211142E+00    0.134883E-01
    0.200000E+00    0.739491E+01    0.750732E+00    0.172285E+01    0.137858E+00    0.279450E-01    0.215239E+00    0.135883E-01
    0.300000E+00    0.756528E+01    0.792143E+00    0.175426E+01    0.143803E+00    0.437253E-01    0.219488E+00    0.136905E-01
    0.400000E+00    0.774526E+01    0.837211E+00    0.178708E+01    0.150195E+00    0.608918E-01    0.223900E+00    0.137949E-01
    0.500000E+00    0.793570E+01    0.886391E+00    0.182141E+01    0.157083E+00    0.796053E-01    0.228483E+00    0.139018E-01
    0.600000E+00    0.813755E+01    0.940211E+00    0.185738E+01    0.164523E+00    0.100051E+00    0.233250E+00    0.140113E-01
    0.700000E+00    0.835187E+01    0.999291E+00    0.189511E+01    0.172583E+00    0.122444E+00    0.238212E+00    0.141238E-01
    0.800000E+00    0.857989E+01    0.106436E+01    0.193475E+01    0.181337E+00    0.147035E+00    0.243384E+00    0.142394E-01
    0.900000E+00    0.882295E+01    0.113627E+01    0.197647E+01    0.190876E+00    0.174115E+00    0.248781E+00    0.143586E-01
    0.100000E+01    0.908263E+01    0.121606E+01    0.202046E+01    0.201304E+00    0.204031E+00    0.254420E+00    0.144815E-01
    0.110000E+01    0.936070E+01    0.130494E+01    0.206691E+01    0.212745E+00    0.237190E+00    0.260318E+00    0.146088E-01
    0.120000E+01    0.965919E+01    0.140440E+01    0.211608E+01    0.225348E+00    0.274080E+00    0.266499E+00    0.147409E-01
    0.130000E+01    0.998046E+01    0.151624E+01    0.216824E+01    0.239288E+00    0.315289E+00    0.272984E+00    0.148785E-01
    0.140000E+01    0.103272E+02    0.164267E+01    0.222368E+01    0.254782E+00    0.361526E+00    0.279801E+00    0.150222E-01
    0.150000E+01    0.107026E+02    0.178642E+01    0.228277E+01    0.272090E+00    0.413664E+00    0.286981E+00    0.151731E-01
    0.160000E+01    0.111102E+02    0.195091E+01    0.234593E+01    0.291535E+00    0.472775E+00    0.294557E+00    0.153321E-01
    0.170000E+01    0.115545E+02    0.214048E+01    0.241361E+01    0.313521E+00    0.540205E+00    0.302571E+00    0.155009E-01
    0.180000E+01    0.120403E+02    0.236065E+01    0.248639E+01    0.338553E+00    0.617650E+00    0.311069E+00    0.156811E-01
    0.190000E+01    0.125736E+02    0.261863E+01    0.256489E+01    0.367280E+00    0.707286E+00    0.320103E+00    0.158751E-01
    0.200000E+01    0.131612E+02    0.292388E+01    0.264988E+01    0.400544E+00    0.811940E+00    0.329739E+00    0.160859E-01
    0.210000E+01    0.138112E+02    0.328907E+01    0.274223E+01    0.439453E+00    0.935351E+00    0.340049E+00    0.163175E-01
    0.220000E+01    0.145326E+02    0.373144E+01    0.284296E+01    0.485491E+00    0.108255E+01    0.351124E+00    0.165753E-01
    0.230000E+01    0.153355E+02    0.427491E+01    0.295321E+01    0.540689E+00    0.126043E+01    0.363070E+00    0.168666E-01
    0.240000E+01    0.162299E+02    0.495327E+01    0.307424E+01    0.607877E+00    0.147867E+01    0.376012E+00    0.172022E-01
    0.250000E+01    0.172234E+02    0.581510E+01    0.320725E+01    0.691081E+00    0.175110E+01    0.390100E+00    0.175970E-01
    0.260000E+01    0.183154E+02    0.693111E+01    0.335307E+01    0.796118E+00    0.209795E+01    0.405504E+00    0.180736E-01
    0.270000E+01    0.194836E+02    0.840400E+01    0.351123E+01    0.931453E+00    0.254899E+01    0.422401E+00    0.186657E-01
    0.280000E+01    0.206527E+02    0.103768E+02    0.367791E+01    0.110913E+01    0.314763E+01    0.440924E+00    0.194245E-01
    0.290000E+01    0.216321E+02    0.130202E+02    0.384151E+01    0.134464E+01    0.395228E+01    0.461026E+00    0.204246E-01
    0.300000E+01    0.220258E+02    0.164360E+02    0.397535E+01    0.165174E+01    0.502235E+01    0.482180E+00    0.217615E-01
    0.310000E+01    0.212481E+02    0.203909E+02    0.403476E+01    0.202502E+01    0.636259E+01    0.502973E+00    0.235116E-01
    0.320000E+01    0.189585E+02    0.240824E+02    0.398035E+01    0.241774E+01    0.784157E+01    0.521236E+00    0.256363E-01
    0.330000E+01    0.156456E+02    0.266366E+02    0.382376E+01    0.276098E+01    0.923465E+01    0.535498E+00    0.279124E-01
    0.340000E+01    0.122137E+02    0.279538E+02    0.362165E+01    0.302423E+01    0.104217E+02    0.546329E+00    0.300388E-01
    0.350000E+01    0.913230E+01    0.284975E+02    0.341912E+01    0.322434E+01    0.114380E+02    0.555456E+00    0.318228E-01
    0.360000E+01    0.641811E+01    0.286915E+02    0.323194E+01    0.338987E+01    0.123688E+02    0.564441E+00    0.331926E-01
    0.370000E+01    0.389379E+01    0.287633E+02    0.305706E+01    0.354484E+01    0.132936E+02    0.574506E+00    0.341409E-01
    0.380000E+01    0.133277E+01    0.287265E+02    0.287880E+01    0.370301E+01    0.142621E+02    0.586427E+00    0.347363E-01
    0.390000E+01   -0.139635E+01    0.284034E+02    0.267704E+01    0.386225E+01    0.152668E+02    0.600232E+00    0.351222E-01
    0.400000E+01   -0.421602E+01    0.275479E+02    0.243894E+01    0.400529E+01    0.162382E+02    0.615186E+00    0.354696E-01
    0.410000E+01   -0.684697E+01    0.260285E+02    0.216757E+01    0.410859E+01    0.170734E+02    0.630055E+00    0.359329E-01
    0.420000E+01   -0.896155E+01    0.239516E+02    0.188198E+01    0.415540E+01    0.176891E+02    0.643508E+00    0.366239E-01
    0.430000E+01   -0.103787E+02    0.216127E+02    0.160737E+01    0.414453E+01    0.180629E+02    0.654541E+00    0.375986E-01
    0.440000E+01   -0.111312E+02    0.193243E+02    0.136324E+01    0.408853E+01    0.182332E+02    0.662725E+00    0.388560E-01
    0.450000E+01   -0.113861E+02    0.172869E+02    0.115796E+01    0.400536E+01    0.182683E+02    0.668206E+00    0.403446E-01
    0.460000E+01   -0.113337E+02    0.155719E+02    0.990735E+00    0.391110E+01    0.182348E+02    0.671512E+00    0.419800E-01
    0.470000E+01   -0.111275E+02    0.141682E+02    0.855801E+00    0.381727E+01    0.181842E+02    0.673377E+00    0.436536E-01
    0.480000E+01   -0.108745E+02    0.130224E+02    0.745173E+00    0.373097E+01    0.181513E+02    0.674653E+00    0.452420E-01
    0.490000E+01   -0.106353E+02    0.120634E+02    0.650275E+00    0.365495E+01    0.181519E+02    0.676141E+00    0.466426E-01
    0.500000E+01   -0.104273E+02    0.112227E+02    0.563952E+00    0.358793E+01    0.181826E+02    0.678316E+00    0.478219E-01
    0.510000E+01   -0.102382E+02    0.104536E+02    0.482213E+00    0.352636E+01    0.182280E+02    0.681186E+00    0.488260E-01
    0.520000E+01   -0.100478E+02    0.973723E+01    0.404288E+00    0.346696E+01    0.182724E+02    0.684437E+00    0.497376E-01
    0.530000E+01   -0.984491E+01    0.907255E+01    0.330959E+00    0.340828E+01    0.183086E+02    0.687747E+00    0.506186E-01
    0.540000E+01   -0.963022E+01    0.846141E+01    0.262768E+00    0.335034E+01    0.183369E+02    0.690970E+00    0.514883E-01
    0.550000E+01   -0.940872E+01    0.790111E+01    0.199481E+00    0.329355E+01    0.183599E+02    0.694111E+00    0.523420E-01
    0.560000E+01   -0.918354E+01    0.738604E+01    0.140540E+00    0.323796E+01    0.183782E+02    0.697194E+00    0.531787E-01
    0.570000E+01   -0.895517E+01    0.691154E+01    0.855803E-01    0.318334E+01    0.183908E+02    0.700184E+00    0.540114E-01
    0.580000E+01   -0.872373E+01    0.647535E+01    0.345524E-01    0.312954E+01    0.183972E+02    0.703002E+00    0.548602E-01
    0.590000E+01   -0.849090E+01    0.607653E+01   -0.124915E-01    0.307670E+01    0.183984E+02    0.705579E+00    0.557380E-01
    0.600000E+01   -0.825994E+01    0.571346E+01   -0.556803E-01    0.302517E+01    0.183969E+02    0.707914E+00    0.566417E-01
    0.610000E+01   -0.803427E+01    0.538278E+01   -0.954287E-01    0.297532E+01    0.183953E+02    0.710071E+00    0.575552E-01
    0.620000E+01   -0.781585E+01    0.507987E+01   -0.132310E+00    0.292724E+01    0.183947E+02    0.712137E+00    0.584615E-01
    0.630000E+01   -0.760473E+01    0.480036E+01   -0.166831E+00    0.288078E+01    0.183948E+02    0.714164E+00    0.593550E-01
    0.640000E+01   -0.739974E+01    0.454113E+01   -0.199278E+00    0.283565E+01    0.183940E+02    0.716144E+00    0.602447E-01
    0.650000E+01   -0.719960E+01    0.430063E+01   -0.229714E+00    0.279158E+01    0.183911E+02    0.718021E+00    0.611496E-01
    0.660000E+01   -0.700374E+01    0.407829E+01   -0.258084E+00    0.274849E+01    0.183857E+02    0.719726E+00    0.620888E-01
    0.670000E+01   -0.681244E+01    0.387374E+01   -0.284338E+00    0.270640E+01    0.183785E+02    0.721210E+00    0.630747E-01
    0.680000E+01   -0.662651E+01    0.368628E+01   -0.308509E+00    0.266546E+01    0.183706E+02    0.722455E+00    0.641100E-01
    0.690000E+01   -0.644687E+01    0.351483E+01   -0.330713E+00    0.262580E+01    0.183634E+02    0.723473E+00    0.651906E-01
    0.700000E+01   -0.627426E+01    0.335800E+01   -0.351119E+00    0.258753E+01    0.183581E+02    0.724295E+00    0.663079E-01
    0.710000E+01   -0.610922E+01    0.321431E+01   -0.369923E+00    0.255073E+01    0.183555E+02    0.724958E+00    0.674505E-01
    0.720000E+01   -0.595211E+01    0.308224E+01   -0.387336E+00    0.251545E+01    0.183565E+02    0.725514E+00    0.686044E-01
    0.730000E+01   -0.580307E+01    0.296023E+01   -0.403585E+00    0.248169E+01    0.183617E+02    0.726017E+00    0.697533E-01
    0.740000E+01   -0.566203E+01    0.284672E+01   -0.418902E+00    0.244943E+01    0.183713E+02    0.726529E+00    0.708801E-01
    0.750000E+01   -0.552864E+01    0.274022E+01   -0.433508E+00    0.241858E+01    0.183851E+02    0.727105E+00    0.719696E-01
    0.760000E+01   -0.540227E+01    0.263941E+01   -0.447595E+00    0.238902E+01    0.184025E+02    0.727792E+00    0.730108E-01
    0.770000E+01   -0.528211E+01    0.254328E+01   -0.461300E+00    0.236057E+01    0.184226E+02    0.728611E+00    0.739995E-01
    0.780000E+01   -0.516725E+01    0.245114E+01   -0.474695E+00    0.233307E+01    0.184444E+02    0.729564E+00    0.749389E-01
    0.790000E+01   -0.505689E+01    0.236264E+01   -0.487796E+00    0.230635E+01    0.184670E+02    0.730632E+00    0.758369E-01
    0.800000E+01   -0.495042E+01    0.227764E+01   -0.500586E+00    0.228031E+01    0.184896E+02    0.731789E+00    0.767030E-01
    0.810000E+01   -0.484743E+01    0.219608E+01   -0.513041E+00    0.225490E+01    0.185121E+02    0.733012E+00    0.775444E-01
    0.820000E+01   -0.474769E+01    0.211788E+01   -0.525152E+00    0.223006E+01    0.185342E+02    0.734289E+00    0.783646E-01
    0.830000E+01   -0.465103E+01    0.204286E+01   -0.536930E+00    0.220578E+01    0.185560E+02    0.735617E+00    0.791642E-01
    0.840000E+01   -0.455728E+01    0.197081E+01   -0.548398E+00    0.218202E+01    0.185773E+02    0.736996E+00    0.799424E-01
    0.850000E+01   -0.446621E+01    0.190150E+01   -0.559582E+00    0.215874E+01    0.185979E+02    0.738429E+00    0.806995E-01
    0.860000E+01   -0.437757E+01    0.183475E+01   -0.570495E+00    0.213589E+01    0.186175E+02    0.739912E+00    0.814381E-01
    0.870000E+01   -0.429109E+01    0.177046E+01   -0.581139E+00    0.211342E+01    0.186358E+02    0.741432E+00    0.821634E-01
    0.880000E+01   -0.420655E+01    0.170857E+01   -0.591500E+00    0.209127E+01    0.186525E+02    0.742972E+00    0.828829E-01
    0.890000E+01   -0.412377E+01    0.164911E+01   -0.601554E+00    0.206943E+01    0.186674E+02    0.744511E+00    0.836048E-01
    0.900000E+01   -0.404266E+01    0.159210E+01   -0.611278E+00    0.204787E+01    0.186805E+02    0.746029E+00    0.843370E-01
    0.910000E+01   -0.396315E+01    0.153755E+01   -0.620654E+00    0.202659E+01    0.186918E+02    0.747509E+00    0.850857E-01
    0.920000E+01   -0.388525E+01    0.148546E+01   -0.629670E+00    0.200559E+01    0.187014E+02    0.748937E+00    0.858559E-01
    0.930000E+01   -0.380897E+01    0.143578E+01   -0.638322E+00    0.198489E+01    0.187095E+02    0.750306E+00    0.866509E-01
    0.940000E+01   -0.373433E+01    0.138845E+01   -0.646611E+00    0.196449E+01    0.187163E+02    0.751610E+00    0.874727E-01
    0.950000E+01   -0.366133E+01    0.134340E+01   -0.654546E+00    0.194439E+01    0.187220E+02    0.752846E+00    0.883230E-01
    0.960000E+01   -0.358999E+01    0.130051E+01   -0.662136E+00    0.192461E+01    0.187266E+02    0.754013E+00    0.892025E-01
    0.970000E+01   -0.352031E+01    0.125971E+01   -0.669394E+00    0.190515E+01    0.187303E+02    0.755113E+00    0.901114E-01
    0.980000E+01   -0.345231E+01    0.122087E+01   -0.676335E+00    0.188602E+01    0.187333E+02    0.756146E+00    0.910492E-01
    0.990000E+01   -0.338595E+01    0.118389E+01   -0.682977E+00    0.186720E+01    0.187357E+02    0.757117E+00    0.920153E-01
    0.100000E+02   -0.332122E+01    0.114865E+01   -0.689337E+00    0.184871E+01    0.187375E+02    0.758030E+00    0.930090E-01
    0.101000E+02   -0.325809E+01    0.111505E+01   -0.695431E+00    0.183053E+01    0.187388E+02    0.758888E+00    0.940297E-01
    0.102000E+02   -0.319650E+01    0.108298E+01   -0.701273E+00    0.181266E+01    0.187396E+02    0.759693E+00    0.950779E-01
    0.103000E+02   -0.313641E+01    0.105237E+01   -0.706876E+00    0.179509E+01    0.187398E+02    0.760446E+00    0.961544E-01
    0.104000E+02   -0.307777E+01    0.102313E+01   -0.712248E+00    0.177780E+01    0.187396E+02    0.761146E+00    0.972607E-01
    0.105000E+02   -0.302054E+01    0.995215E+00   -0.717396E+00    0.176080E+01    0.187388E+02    0.761791E+00    0.983987E-01
    0.106000E+02   -0.296467E+01    0.968557E+00   -0.722328E+00    0.174407E+01    0.187375E+02    0.762380E+00    0.995702E-01
    0.107000E+02   -0.291013E+01    0.943105E+00   -0.727049E+00    0.172761E+01    0.187358E+02    0.762911E+00    0.100777E+00
    0.108000E+02   -0.285690E+01    0.918810E+00   -0.731565E+00    0.171142E+01    0.187337E+02    0.763383E+00    0.102021E+00
    0.109000E+02   -0.280494E+01    0.895620E+00   -0.735882E+00    0.169549E+01    0.187312E+02    0.763795E+00    0.103303E+00
    0.110000E+02   -0.275423E+01    0.873487E+00   -0.740007E+00    0.167983E+01    0.187284E+02    0.764147E+00    0.104625E+00
    0.111000E+02   -0.270474E+01    0.852361E+00   -0.743947E+00    0.166442E+01    0.187254E+02    0.764440E+00    0.105987E+00
    0.112000E+02   -0.265647E+01    0.832193E+00   -0.747710E+00    0.164928E+01    0.187221E+02    0.764674E+00    0.107388E+00
    0.113000E+02   -0.260938E+01    0.812935E+00   -0.751303E+00    0.163439E+01    0.187188E+02    0.764852E+00    0.108830E+00
    0.114000E+02   -0.256347E+01    0.794536E+00   -0.754737E+00    0.161976E+01    0.187154E+02    0.764978E+00    0.110311E+00
    0.115000E+02   -0.251870E+01    0.776941E+00   -0.758020E+00    0.160538E+01    0.187120E+02    0.765055E+00    0.111830E+00
    0.116000E+02   -0.247507E+01    0.760095E+00   -0.761166E+00    0.159126E+01    0.187087E+02    0.765090E+00    0.113384E+00
    0.117000E+02   -0.243254E+01    0.743940E+00   -0.764186E+00    0.157739E+01    0.187054E+02    0.765089E+00    0.114971E+00
    0.118000E+02   -0.239107E+01    0.728421E+00   -0.767092E+00    0.156375E+01    0.187022E+02    0.765058E+00    0.116588E+00
    0.119000E+02   -0.235063E+01    0.713485E+00   -0.769895E+00    0.155035E+01    0.186991E+02    0.765004E+00    0.118234E+00
    0.120000E+02   -0.231118E+01    0.699088E+00   -0.772605E+00    0.153717E+01    0.186959E+02    0.764929E+00    0.119907E+00
    0.121000E+02   -0.227266E+01    0.685194E+00   -0.775228E+00    0.152420E+01    0.186926E+02    0.764836E+00    0.121608E+00
    0.122000E+02   -0.223502E+01    0.671777E+00   -0.777767E+00    0.151143E+01    0.186892E+02    0.764725E+00    0.123339E+00
    0.123000E+02   -0.219822E+01    0.658818E+00   -0.780224E+00    0.149884E+01    0.186855E+02    0.764591E+00    0.125103E+00
    0.124000E+02   -0.216222E+01    0.646310E+00   -0.782597E+00    0.148643E+01    0.186814E+02    0.764432E+00    0.126904E+00
    0.125000E+02   -0.212697E+01    0.634246E+00   -0.784884E+00    0.147419E+01    0.186770E+02    0.764241E+00    0.128747E+00
    0.126000E+02   -0.209247E+01    0.622627E+00   -0.787081E+00    0.146212E+01    0.186723E+02    0.764012E+00    0.130637E+00
    0.127000E+02   -0.205868E+01    0.611451E+00   -0.789186E+00    0.145022E+01    0.186672E+02    0.763741E+00    0.132577E+00
    0.128000E+02   -0.202560E+01    0.600717E+00   -0.791196E+00    0.143847E+01    0.186618E+02    0.763422E+00    0.134572E+00
    0.129000E+02   -0.199321E+01    0.590419E+00   -0.793110E+00    0.142689E+01    0.186562E+02    0.763053E+00    0.136624E+00
    0.130000E+02   -0.196152E+01    0.580549E+00   -0.794928E+00    0.141548E+01    0.186504E+02    0.762632E+00    0.138735E+00
    0.131000E+02   -0.193051E+01    0.571095E+00   -0.796652E+00    0.140423E+01    0.186446E+02    0.762159E+00    0.140906E+00
    0.132000E+02   -0.190019E+01    0.562040E+00   -0.798285E+00    0.139315E+01    0.186387E+02    0.761636E+00    0.143137E+00
    0.133000E+02   -0.187055E+01    0.553365E+00   -0.799832E+00    0.138225E+01    0.186329E+02    0.761066E+00    0.145425E+00
    0.134000E+02   -0.184158E+01    0.545049E+00   -0.801297E+00    0.137152E+01    0.186273E+02    0.760451E+00    0.147770E+00
    0.135000E+02   -0.181328E+01    0.537072E+00   -0.802686E+00    0.136096E+01    0.186218E+02    0.759796E+00    0.150170E+00
    0.136000E+02   -0.178564E+01    0.529414E+00   -0.804004E+00    0.135057E+01    0.186166E+02    0.759105E+00    0.152623E+00
    0.137000E+02   -0.175864E+01    0.522055E+00   -0.805256E+00    0.134036E+01    0.186117E+02    0.758380E+00    0.155127E+00
    0.138000E+02   -0.173227E+01    0.514977E+00   -0.806445E+00    0.133031E+01    0.186070E+02    0.757625E+00    0.157680E+00
    0.139000E+02   -0.170653E+01    0.508165E+00   -0.807577E+00    0.132044E+01    0.186027E+02    0.756844E+00    0.160281E+00
    0.140000E+02   -0.168139E+01    0.501604E+00   -0.808654E+00    0.131073E+01    0.185988E+02    0.756039E+00    0.162928E+00
    0.141000E+02   -0.165687E+01    0.495278E+00   -0.809682E+00    0.130119E+01    0.185953E+02    0.755214E+00    0.165617E+00
    0.142000E+02   -0.163293E+01    0.489172E+00   -0.810664E+00    0.129181E+01    0.185922E+02    0.754373E+00    0.168346E+00
    0.143000E+02   -0.160959E+01    0.483270E+00   -0.811606E+00    0.128261E+01    0.185897E+02    0.753521E+00    0.171110E+00
    0.144000E+02   -0.158683E+01    0.477553E+00   -0.812514E+00    0.127357E+01    0.185878E+02    0.752665E+00    0.173904E+00
    0.145000E+02   -0.156464E+01    0.472001E+00   -0.813394E+00    0.126470E+01    0.185865E+02    0.751812E+00    0.176721E+00
    0.146000E+02   -0.154302E+01    0.466594E+00   -0.814253E+00    0.125600E+01    0.185859E+02    0.750970E+00    0.179554E+00
    0.147000E+02   -0.152196E+01    0.461309E+00   -0.815100E+00    0.124746E+01    0.185860E+02    0.750147E+00    0.182395E+00
    0.148000E+02   -0.150145E+01    0.456124E+00   -0.815943E+00    0.123908E+01    0.185868E+02    0.749354E+00    0.185235E+00
    0.149000E+02   -0.148147E+01    0.451016E+00   -0.816790E+00    0.123087E+01    0.185884E+02    0.748598E+00    0.188067E+00
    0.150000E+02   -0.146200E+01    0.445962E+00   -0.817648E+00    0.122281E+01    0.185906E+02    0.747890E+00    0.190881E+00
    0.151000E+02   -0.144304E+01    0.440943E+00   -0.818526E+00    0.121489E+01    0.185934E+02    0.747238E+00    0.193669E+00
    0.152000E+02   -0.142454E+01    0.435939E+00   -0.819431E+00    0.120712E+01    0.185968E+02    0.746649E+00    0.196425E+00
    0.153000E+02   -0.140651E+01    0.430933E+00   -0.820368E+00    0.119949E+01    0.186008E+02    0.746131E+00    0.199141E+00
    0.154000E+02   -0.138890E+01    0.425911E+00   -0.821343E+00    0.119198E+01    0.186052E+02    0.745689E+00    0.201810E+00
    0.155000E+02   -0.137171E+01    0.420858E+00   -0.822362E+00    0.118459E+01    0.186099E+02    0.745330E+00    0.204429E+00
    0.156000E+02   -0.135490E+01    0.415765E+00   -0.823427E+00    0.117732E+01    0.186149E+02    0.745057E+00    0.206992E+00
    0.157000E+02   -0.133845E+01    0.410623E+00   -0.824541E+00    0.117014E+01    0.186201E+02    0.744874E+00    0.209496E+00
    0.158000E+02   -0.132234E+01    0.405425E+00   -0.825708E+00    0.116306E+01    0.186253E+02    0.744784E+00    0.211937E+00
    0.159000E+02   -0.130654E+01    0.400165E+00   -0.826929E+00    0.115607E+01    0.186305E+02    0.744788E+00    0.214315E+00
    0.160000E+02   -0.129104E+01    0.394840E+00   -0.828204E+00    0.114915E+01    0.186355E+02    0.744888E+00    0.216626E+00
    0.161000E+02   -0.127581E+01    0.389449E+00   -0.829534E+00    0.114231E+01    0.186403E+02    0.745084E+00    0.218871E+00
    0.162000E+02   -0.126082E+01    0.383991E+00   -0.830919E+00    0.113552E+01    0.186446E+02    0.745375E+00    0.221050E+00
    0.163000E+02   -0.124607E+01    0.378469E+00   -0.832357E+00    0.112879E+01    0.186485E+02    0.745760E+00    0.223165E+00
    0.164000E+02   -0.123152E+01    0.372884E+00   -0.833846E+00    0.112211E+01    0.186518E+02    0.746237E+00    0.225216E+00
    0.165000E+02   -0.121716E+01    0.367242E+00   -0.835386E+00    0.111546E+01    0.186544E+02    0.746804E+00    0.227207E+00
    0.166000E+02   -0.120297E+01    0.361548E+00   -0.836971E+00    0.110885E+01    0.186562E+02    0.747456E+00    0.229140E+00
    0.167000E+02   -0.118893E+01    0.355808E+00   -0.838601E+00    0.110226E+01    0.186571E+02    0.748191E+00    0.231021E+00
    0.168000E+02   -0.117504E+01    0.350031E+00   -0.840270E+00    0.109570E+01    0.186571E+02    0.749003E+00    0.232851E+00
    0.169000E+02   -0.116127E+01    0.344223E+00   -0.841976E+00    0.108915E+01    0.186559E+02    0.749889E+00    0.234637E+00
    0.170000E+02   -0.114762E+01    0.338394E+00   -0.843714E+00    0.108261E+01    0.186537E+02    0.750844E+00    0.236383E+00
    0.171000E+02   -0.113408E+01    0.332551E+00   -0.845481E+00    0.107608E+01    0.186503E+02    0.751863E+00    0.238093E+00
    0.172000E+02   -0.112063E+01    0.326703E+00   -0.847272E+00    0.106956E+01    0.186456E+02    0.752941E+00    0.239773E+00
    0.173000E+02   -0.110727E+01    0.320859E+00   -0.849084E+00    0.106304E+01    0.186397E+02    0.754074E+00    0.241428E+00
    0.174000E+02   -0.109399E+01    0.315026E+00   -0.850913E+00    0.105651E+01    0.186323E+02    0.755255E+00    0.243064E+00
    0.175000E+02   -0.108079E+01    0.309213E+00   -0.852754E+00    0.104998E+01    0.186236E+02    0.756481E+00    0.244686E+00
    0.176000E+02   -0.106765E+01    0.303429E+00   -0.854603E+00    0.104345E+01    0.186135E+02    0.757745E+00    0.246301E+00
    0.177000E+02   -0.105458E+01    0.297682E+00   -0.856457E+00    0.103691E+01    0.186019E+02    0.759042E+00    0.247914E+00
    0.178000E+02   -0.104156E+01    0.291979E+00   -0.858312E+00    0.103036E+01    0.185888E+02    0.760367E+00    0.249534E+00
    0.179000E+02   -0.102860E+01    0.286331E+00   -0.860162E+00    0.102380E+01    0.185742E+02    0.761713E+00    0.251166E+00
    0.180000E+02   -0.101570E+01    0.280744E+00   -0.862004E+00    0.101722E+01    0.185580E+02    0.763075E+00    0.252819E+00
    0.181000E+02   -0.100284E+01    0.275227E+00   -0.863835E+00    0.101064E+01    0.185403E+02    0.764446E+00    0.254499E+00
    0.182000E+02   -0.990043E+00    0.269788E+00   -0.865648E+00    0.100404E+01    0.185210E+02    0.765820E+00    0.256216E+00
    0.183000E+02   -0.977294E+00    0.264434E+00   -0.867442E+00    0.997430E+00    0.185002E+02    0.767192E+00    0.257977E+00
    0.184000E+02   -0.964599E+00    0.259173E+00   -0.869212E+00    0.990810E+00    0.184779E+02    0.768556E+00    0.259791E+00
    0.185000E+02   -0.951958E+00    0.254011E+00   -0.870953E+00    0.984180E+00    0.184540E+02    0.769904E+00    0.261665E+00
    0.186000E+02   -0.939375E+00    0.248953E+00   -0.872664E+00    0.977543E+00    0.184286E+02    0.771233E+00    0.263609E+00
    0.187000E+02   -0.926854E+00    0.244007E+00   -0.874340E+00    0.970899E+00    0.184017E+02    0.772535E+00    0.265630E+00
    0.188000E+02   -0.914397E+00    0.239176E+00   -0.875978E+00    0.964250E+00    0.183735E+02    0.773807E+00    0.267736E+00
    0.189000E+02   -0.902009E+00    0.234464E+00   -0.877577E+00    0.957600E+00    0.183438E+02    0.775044E+00    0.269935E+00
    0.190000E+02   -0.889696E+00    0.229876E+00   -0.879134E+00    0.950950E+00    0.183128E+02    0.776240E+00    0.272235E+00
    0.191000E+02   -0.877463E+00    0.225413E+00   -0.880646E+00    0.944303E+00    0.182805E+02    0.777393E+00    0.274642E+00
    0.192000E+02   -0.865315E+00    0.221077E+00   -0.882113E+00    0.937663E+00    0.182470E+02    0.778499E+00    0.277163E+00
    0.193000E+02   -0.853257E+00    0.216869E+00   -0.883533E+00    0.931033E+00    0.182123E+02    0.779556E+00    0.279803E+00
    0.194000E+02   -0.841296E+00    0.212790E+00   -0.884906E+00    0.924415E+00    0.181766E+02    0.780562E+00    0.282567E+00
    0.195000E+02   -0.829437E+00    0.208837E+00   -0.886231E+00    0.917813E+00    0.181398E+02    0.781515E+00    0.285460E+00
    0.196000E+02   -0.817686E+00    0.205009E+00   -0.887510E+00    0.911230E+00    0.181020E+02    0.782415E+00    0.288485E+00
    0.197000E+02   -0.806047E+00    0.201303E+00   -0.888742E+00    0.904669E+00    0.180634E+02    0.783262E+00    0.291644E+00
    0.198000E+02   -0.794526E+00    0.197717E+00   -0.889929E+00    0.898132E+00    0.180239E+02    0.784058E+00    0.294940E+00
    0.199000E+02   -0.783125E+00    0.194245E+00   -0.891072E+00    0.891622E+00    0.179836E+02    0.784803E+00    0.298372E+00
    0.200000E+02   -0.771850E+00    0.190884E+00   -0.892173E+00    0.885142E+00    0.179426E+02    0.785500E+00    0.301942E+00
