           1   1.9650947535881881E-014
           2   7.6983846663934752E-014
           3   8.8184334406150526E-014
           4   8.4161511541641595E-014
           5   5.2579422792754645E-014
           6   5.7080544516747954E-014
           7   8.3965339410142133E-014
           8   7.2971446368717811E-014
           9   7.6728263465304299E-014
          10   1.2294480941054552E-013
          11   1.3963541820653919E-013
          12   1.3835381601801448E-013
          13   2.5983783562391504E-013
          14   5.1110659982544953E-013
          15   1.0293060573761530E-012
          16   2.0773065680361060E-012
          17   4.0722962748255459E-012
          18   8.1566114411031341E-012
          19   1.6392404540239994E-011
          20   3.2937200326141900E-011
          21   6.5866840967993648E-011
          22   1.3165056488321886E-010
          23   2.6027752380367618E-010
          24   5.2267179646435768E-010
          25   1.0399469528774931E-009
          26   2.0894237126310533E-009
          27   4.1841872624473119E-009
          28   8.2710219183984213E-009
          29   1.6613546864454158E-008
          30   8.0682211222360831E-009
          31   7.9817020038393812E-009
          32   7.8349713747417334E-009
          33   7.6660610702975773E-009
          34   7.5073007652102465E-009
          35   7.4070979093975596E-009
          36   7.3469674877162049E-009
          37   7.3380265912890274E-009
          38   7.3418773367338397E-009
          39   7.2440549132212971E-009
          40   7.1212969460084069E-009
          41   7.1598171661643918E-009
          42   7.1841293681903550E-009
          43   6.9826263842587550E-009
          44   6.7149902413047281E-009
          45   6.5149684042085086E-009
          46   6.2606544693702618E-009
          47   6.0659651319875797E-009
          48   6.9447800272021592E-009
          49   1.3818191662641157E-008
          50   7.3056561995874087E-009
          51   7.5445066208912477E-009
          52   8.0165991168554605E-009
          53   8.5565901454656566E-009
          54   9.1766902140429267E-009
          55   1.0047108273361741E-008
          56   1.1125803996766052E-008
          57   9.5068797191009189E-009
          58   1.1084968660703780E-008
          59   1.2388781998410918E-008
          60   1.2306980223022294E-008
          61   1.2030226283607587E-008
          62   1.1251346526251224E-008
          63   1.9079925172761216E-008
          64   1.9116220005213532E-008
          65   1.1610074866733942E-008
          66   1.1039197911026927E-008
          67   1.3239291218191653E-008
          68   1.0339625391184007E-008
          69   1.1953868037457064E-008
          70   1.1152263769964952E-008
          71   2.2398142582719974E-008
          72   1.2272012755773860E-008
          73   1.0862729876141493E-008
          74   1.0924765895713760E-008
          75   1.0525417518547518E-008
          76   1.1555182287904327E-008
          77   1.0154779782138224E-008
          78   9.9680478858667365E-009
          79   1.0705116512857151E-008
          80   1.0344051114039250E-008
          81   1.1136767714996337E-008
          82   9.9845639468642399E-009
          83   1.4525195442835424E-008
          84   1.0470664130426200E-008
          85   1.3851406035058741E-008
          86   1.2912095521229624E-008
          87   1.4427595428278837E-008
          88   1.2632651775053759E-008
          89   1.2759365118733071E-008
          90   2.1414520912611965E-008
          91   1.0999146886867170E-008
          92   2.1145150197041493E-008
          93   1.1556737297747153E-008
          94   1.2175590911239887E-008
          95   1.3661289213556291E-008
          96   1.3959249204154135E-008
          97   1.4422054912014679E-008
          98   1.7543082721547124E-008
          99   1.3689712821167471E-008
         100   1.8200254885958723E-008
