           1   1.9650947535881881E-014
           2   7.6810578065047085E-014
           3   8.0885171560672414E-014
           4   1.2581232041069104E-013
           5   1.6006716056548160E-013
           6   2.9621473749013231E-013
           7   6.0053123017373611E-013
           8   1.2141989528197186E-012
           9   2.3720783545739457E-012
          10   4.7928720722247242E-012
          11   9.3959142041575872E-012
          12   1.9101783536518521E-011
          13   3.7627630499849372E-011
          14   7.4473164643205195E-011
          15   1.5012505551433653E-010
          16   3.0436669276807461E-010
          17   5.9726816424221482E-010
          18   1.1967997381813236E-009
          19   2.4045810679599513E-009
          20   4.8305232442992480E-009
          21   9.6598359517694898E-009
          22   1.9307381522931491E-008
          23   9.7751717603346697E-009
          24   9.7534031322924007E-009
          25   9.5640076363034098E-009
          26   9.3164889364796800E-009
          27   9.2233813310528185E-009
          28   8.9760435623745693E-009
          29   8.5022030234710737E-009
          30   8.0149038211738848E-009
          31   7.5628568724355299E-009
          32   7.0479569502315047E-009
          33   6.6646617958287442E-009
          34   6.3551628801707952E-009
          35   6.2369389334360327E-009
          36   5.9629765899786839E-009
          37   5.5122762920733784E-009
          38   4.9013628586212620E-009
          39   4.8079834007162900E-009
          40   5.4974982340210497E-009
          41   7.5036867907140770E-009
          42   1.4988275766774756E-008
          43   7.6316180008629007E-009
          44   7.6352505026069183E-009
          45   7.8931385401259850E-009
          46   8.4202621000534171E-009
          47   8.6795696760239788E-009
          48   9.2923951770409966E-009
          49   1.0428902521726171E-008
          50   1.1866122140654087E-008
          51   1.3313435519584382E-008
          52   1.1282802957476838E-008
          53   1.2164807107366548E-008
          54   9.1377868777162709E-009
          55   1.4105124653486805E-008
          56   1.0913606521747847E-008
          57   1.1893915726373554E-008
          58   1.0956482249761730E-008
          59   1.0125557748532580E-008
          60   9.9432664040342978E-009
          61   1.9646320169994111E-008
          62   1.0837956836571210E-008
          63   1.4800061719758317E-008
          64   9.3540614372655804E-009
          65   1.3706225943156029E-008
          66   1.0258371928004879E-008
          67   1.5574426693784095E-008
          68   1.1727865863045272E-008
          69   1.0685461526286898E-008
          70   1.0577105817834765E-008
          71   1.0149017498189782E-008
          72   1.0581003708525114E-008
          73   1.2179280473569394E-008
          74   1.9719274467128288E-008
          75   1.0614102590024479E-008
          76   1.1275330552684969E-008
          77   1.1237015652653371E-008
          78   1.1993105639555382E-008
          79   1.2340764201715624E-008
          80   1.3004584594194264E-008
          81   1.3217620086273385E-008
          82   1.3361510564306510E-008
          83   1.3456463376326879E-008
          84   1.3577987433750026E-008
          85   2.0911462749965317E-008
          86   1.4658578767533572E-008
          87   1.1013973028128179E-008
          88   1.2173558833013659E-008
          89   1.3212098900526558E-008
          90   1.2406364341334540E-008
          91   1.3687151265342096E-008
          92   1.4024222441954148E-008
          93   1.0869060361748044E-008
          94   1.4896649776491259E-008
          95   1.1597094004780095E-008
          96   1.6045519963114937E-008
          97   1.5693255345246218E-008
          98   1.0758616201533438E-008
          99   1.5768664914768914E-008
         100   1.4774663047889340E-008
