           1   1.9650947535881881E-014
           2   7.7604589436588081E-014
           3   8.9891278616059554E-014
           4   9.1086015616986174E-014
           5   6.7453787975623155E-014
           6   4.1541274113200994E-014
           7   6.3374693392660785E-014
           8   7.2155733529086229E-014
           9   7.3216263924719275E-014
          10   9.8672852187335483E-014
          11   1.2024676289225546E-013
          12   7.3841575313466949E-014
          13   4.7524834928130710E-014
          14   7.3017971847012923E-014
          15   1.1159625099320831E-013
          16   1.3151967772752378E-013
          17   1.0236399108352089E-013
          18   1.4007904116089489E-013
          19   1.5903250220572202E-013
          20   1.5706814071212111E-013
          21   1.2035860279525574E-013
          22   1.2150769414613635E-013
          23   1.2731381392360350E-013
          24   1.2083073147083563E-013
          25   1.3823410617984844E-013
          26   1.2637743705612049E-013
          27   1.1445293150624424E-013
          28   1.1904926325040903E-013
          29   1.0584450820264782E-013
          30   9.2480122723408476E-014
          31   1.2644741701346295E-013
          32   1.3743758683799491E-013
          33   1.0811755354390511E-013
          34   1.0686608092029682E-013
          35   9.2651297622060673E-014
          36   9.9916596819984080E-014
          37   1.3269258196585090E-013
          38   1.2520839864051813E-013
          39   1.5931873654812986E-013
          40   1.4309817475208235E-013
          41   1.4419291160571994E-013
          42   1.5971783636044581E-013
          43   1.7938409565717345E-013
          44   1.8164197787330448E-013
          45   1.5429671516368243E-013
          46   1.5517481997874475E-013
          47   2.0683056333285350E-013
          48   2.3974003198291187E-013
          49   2.2581512494178439E-013
          50   2.4480962481262131E-013
          51   4.9217287903983960E-013
          52   9.7925329741110399E-013
          53   1.9512162870142444E-012
          54   9.8006884251456922E-013
          55   9.8985555102852058E-013
          56   9.9301663259756751E-013
          57   9.8993710670707269E-013
          58   9.8982597598075846E-013
          59   9.8295350601685096E-013
          60   9.8301888485960631E-013
          61   9.8239676642396760E-013
          62   9.8395801786581203E-013
          63   9.8312653382076656E-013
          64   9.5983369171328875E-013
          65   9.5007820371275120E-013
          66   9.3761192412074859E-013
          67   9.5174731596028928E-013
          68   9.5607416743528544E-013
          69   9.5380358425560789E-013
          70   9.8350871552239334E-013
          71   1.0140886934756117E-012
          72   1.0383511120538459E-012
          73   1.0407440382746752E-012
          74   1.0103064704951911E-012
          75   1.0197568290845856E-012
          76   1.0233359984363529E-012
          77   1.0183718026155589E-012
          78   1.0166754793923736E-012
          79   1.0211739431309169E-012
          80   1.0018495010388184E-012
          81   9.8947251092048051E-013
          82   9.7180374021416164E-013
          83   9.5594835913822454E-013
          84   9.5675879512974228E-013
          85   9.6135569222468601E-013
          86   9.6582857079585567E-013
          87   9.6973558174594197E-013
          88   1.6812380249219062E-012
          89   9.9391302603853403E-013
          90   9.9851996124901902E-013
          91   9.8060960406908174E-013
          92   9.6288528370874151E-013
          93   9.4036588147675231E-013
          94   9.3787835755467193E-013
          95   9.5910318343376373E-013
          96   9.8843661114938596E-013
          97   1.0111883962796289E-012
          98   1.0259586131936356E-012
          99   1.0197572417051666E-012
         100   1.0394367607424704E-012
