 # iter,   oterm,   2*oterm,   orthfreq,   orthtot 
           1           1           2           1           2
           2           2           4           2           6
           3           3           6           3          12
           4           4           8           4          20
           5           5          10           5          30
           6           6          12           6          42
           7           7          14           7          56
           8           7          14           8          70
           9           7          14           9          84
          10          10          20          10         104
          11          10          20          11         124
          12          12          24          12         148
          13          12          24          13         172
          14          14          28          14         200
          15          15          30          15         230
          16          14          28          16         258
          17          16          32          17         290
          18          14          28          18         318
          19          19          38          19         356
          20          20          40          20         396
          21          19          38          21         434
          22          19          38          22         472
          23          20          40          23         512
          24          20          40          24         552
          25          21          42          25         594
          26          22          44          26         638
          27          23          46          27         684
          28          21          42          28         726
          29          22          44          29         770
          30          27          54          30         824
          31          23          46          31         870
          32          24          48          32         918
          33          27          54          33         972
          34          31          62          34        1034
          35          29          58          35        1092
          36          30          60          36        1152
          37          32          64          37        1216
          38          34          68          38        1284
          39          34          68          39        1352
          40          34          68          40        1420
          41          28          56          41        1476
          42          35          70          42        1546
          43          33          66          43        1612
          44          32          64          44        1676
          45          34          68          45        1744
          46          43          86          46        1830
          47          38          76          47        1906
          48          37          74          48        1980
          49          38          76          49        2056
          50          40          80          50        2136
          51          43          86          51        2222
          52          42          84          52        2306
          53          40          80          53        2386
          54          46          92          54        2478
          55          50         100          55        2578
          56          47          94          56        2672
          57          43          86          57        2758
          58          51         102          58        2860
          59          50         100          59        2960
          60          47          94          60        3054
          61          48          96          61        3150
          62          53         106          62        3256
          63          48          96          63        3352
          64          46          92          64        3444
          65          52         104          65        3548
          66          52         104          66        3652
          67          56         112          67        3764
          68          53         106          68        3870
          69          56         112          69        3982
          70          51         102          70        4084
          71          57         114          71        4198
          72          52         104          72        4302
          73          60         120          73        4422
          74          59         118          74        4540
          75          61         122          75        4662
          76          51         102          76        4764
          77          57         114          77        4878
          78          60         120          78        4998
          79          56         112          79        5110
          80          62         124          80        5234
          81          57         114          81        5348
          82          71         142          82        5490
          83          69         138          83        5628
          84          71         142          84        5770
          85          68         136          85        5906
          86          66         132          86        6038
          87          69         138          87        6176
          88          71         142          88        6318
          89          70         140          89        6458
          90          76         152          90        6610
          91          79         158          91        6768
          92          69         138          92        6906
          93          74         148          93        7054
          94          79         158          94        7212
          95          76         152          95        7364
          96          76         152          96        7516
          97          74         148          97        7664
          98          75         150          98        7814
          99          71         142          99        7956
         100          69         138         100        8094
