           1   1.9650947535881881E-014
           2   7.7604589436588081E-014
           3   8.9891278616059554E-014
           4   9.1086015616986174E-014
           5   6.7453787975623155E-014
           6   4.1541274113200994E-014
           7   6.3374693392660785E-014
           8   7.2155733529086229E-014
           9   7.3216263924719275E-014
          10   9.8672852187335483E-014
          11   1.2024676289225546E-013
          12   7.3841575313466949E-014
          13   4.7524834928130710E-014
          14   7.3017971847012923E-014
          15   1.1159625099320831E-013
          16   1.3151967772752378E-013
          17   1.0236399108352089E-013
          18   1.4007904116089489E-013
          19   1.5903250220572202E-013
          20   1.5706814071212111E-013
          21   1.2035860279525574E-013
          22   1.2150769414613635E-013
          23   1.2731381392360350E-013
          24   1.2083073147083563E-013
          25   1.3823410617984844E-013
          26   1.2637743705612049E-013
          27   1.1445293150624424E-013
          28   1.1904926325040903E-013
          29   1.0584450820264782E-013
          30   9.2480122723408476E-014
          31   1.2644741701346295E-013
          32   1.3743758683799491E-013
          33   1.0811755354390511E-013
          34   1.0686608092029682E-013
          35   9.2651297622060673E-014
          36   9.9916596819984080E-014
          37   1.3269258196585090E-013
          38   1.2520839864051813E-013
          39   1.5931873654812986E-013
          40   1.4309817475208235E-013
          41   1.4419291160571994E-013
          42   1.5971783636044581E-013
          43   1.7938409565717345E-013
          44   1.8164197787330448E-013
          45   1.5429671516368243E-013
          46   1.5517481997874475E-013
          47   2.0683056333285350E-013
          48   2.3974003198291187E-013
          49   2.2581512494178439E-013
          50   2.4480962481262131E-013
          51   4.9217287903983960E-013
          52   9.7925329741110399E-013
          53   1.9512162870142444E-012
          54   3.9024263210202651E-012
          55   7.8127124396858853E-012
          56   1.5532294454314246E-011
          57   3.1040257045947928E-011
          58   6.2037520114593973E-011
          59   1.2423672049852557E-010
          60   2.4723733628728668E-010
          61   4.9484398386429538E-010
          62   9.8813673511930767E-010
          63   1.9605273409459486E-009
          64   3.9334114795910935E-009
          65   7.8980905330216900E-009
          66   1.5797503397419095E-008
          67   7.9124731201282394E-009
          68   1.1896069945060254E-008
          69   7.9698928394583401E-009
          70   1.2036798647697728E-008
          71   8.0033310650298728E-009
          72   1.2108318672881341E-008
          73   8.0025094302674400E-009
          74   1.2043924411038109E-008
          75   8.0361417283454386E-009
          76   1.2157731841397593E-008
          77   8.0604273867325553E-009
          78   1.2185846199672524E-008
          79   8.0471565088093572E-009
          80   1.2134391642184999E-008
          81   8.0666760223664158E-009
          82   1.2195560451854437E-008
          83   8.0959230326612931E-009
          84   1.2268626326106777E-008
          85   8.0747417393173188E-009
          86   1.2287174900185205E-008
          87   8.0747166372190100E-009
          88   1.2299440093795319E-008
          89   8.0575932006347861E-009
          90   1.2265987170518077E-008
          91   8.0377361614469869E-009
          92   1.2221205316087589E-008
          93   8.0391688370422754E-009
          94   1.2260517346624761E-008
          95   8.0439709246713332E-009
          96   1.2236578184761896E-008
          97   8.0418632399496666E-009
          98   1.2175980116547862E-008
          99   8.0083317602519048E-009
         100   1.2152158732822027E-008
