 # iter,   oterm,   2*oterm,   orthfreq,   orthtot 
           1           0           0           0           0
           2           0           0           0           0
           3           0           0           0           0
           4           0           0           0           0
           5           0           0           0           0
           6           0           0           0           0
           7           0           0           0           0
           8           0           0           0           0
           9           0           0           0           0
          10           0           0           0           0
          11           0           0           0           0
          12           0           0           0           0
          13           0           0           0           0
          14           0           0           0           0
          15           0           0           0           0
          16           0           0           0           0
          17           0           0           0           0
          18           0           0           0           0
          19           0           0           0           0
          20           0           0           0           0
          21           0           0           0           0
          22           0           0           0           0
          23           0           0           0           0
          24           0           0           0           0
          25           0           0           0           0
          26           0           0           0           0
          27           0           0           0           0
          28           1           2           1           2
          29           0           0           1           2
          30           0           0           1           2
          31           0           0           1           2
          32           0           0           1           2
          33           0           0           1           2
          34           0           0           1           2
          35           0           0           1           2
          36           0           0           1           2
          37           0           0           1           2
          38           0           0           1           2
          39           0           0           1           2
          40           0           0           1           2
          41           0           0           1           2
          42           0           0           1           2
          43           0           0           1           2
          44           0           0           1           2
          45           0           0           1           2
          46           0           0           1           2
          47           0           0           1           2
          48           0           0           1           2
          49           0           0           1           2
          50           0           0           1           2
          51           0           0           1           2
          52           0           0           1           2
          53           0           0           1           2
          54           0           0           1           2
          55           0           0           1           2
          56           0           0           1           2
          57           0           0           1           2
          58           2           4           2           6
          59           5          10           3          16
          60           1           2           4          18
          61           3           6           5          24
          62           1           2           6          26
          63           0           0           6          26
          64           0           0           6          26
          65           2           4           7          30
          66           3           6           8          36
          67           2           4           9          40
          68           5          10          10          50
          69           2           4          11          54
          70           1           2          12          56
          71           0           0          12          56
          72           2           4          13          60
          73           0           0          13          60
          74           0           0          13          60
          75           1           2          14          62
          76           1           2          15          64
          77           0           0          15          64
          78           0           0          15          64
          79           1           2          16          66
          80           0           0          16          66
          81           0           0          16          66
          82           2           4          17          70
          83           2           4          18          74
          84           0           0          18          74
          85           3           6          19          80
          86           6          12          20          92
          87           2           4          21          96
          88           2           4          22         100
          89           2           4          23         104
          90           1           2          24         106
          91           4           8          25         114
          92           3           6          26         120
          93           2           4          27         124
          94           6          12          28         136
          95           6          12          29         148
          96           5          10          30         158
          97           6          12          31         170
          98           5          10          32         180
          99           5          10          33         190
         100           7          14          34         204
