 # iter,   oterm,   2*oterm,   orthfreq,   orthtot 
           1           0           0           0           0
           2           0           0           0           0
           3           0           0           0           0
           4           0           0           0           0
           5           0           0           0           0
           6           0           0           0           0
           7           0           0           0           0
           8           0           0           0           0
           9           0           0           0           0
          10           0           0           0           0
          11           0           0           0           0
          12           0           0           0           0
          13           0           0           0           0
          14           0           0           0           0
          15           0           0           0           0
          16           0           0           0           0
          17           0           0           0           0
          18           0           0           0           0
          19           0           0           0           0
          20           0           0           0           0
          21           0           0           0           0
          22           0           0           0           0
          23           0           0           0           0
          24           0           0           0           0
          25           0           0           0           0
          26           0           0           0           0
          27           0           0           0           0
          28           0           0           0           0
          29           1           2           1           2
          30           0           0           1           2
          31           0           0           1           2
          32           0           0           1           2
          33           0           0           1           2
          34           1           2           2           4
          35           0           0           2           4
          36           0           0           2           4
          37           0           0           2           4
          38           0           0           2           4
          39           0           0           2           4
          40           0           0           2           4
          41           0           0           2           4
          42           0           0           2           4
          43           0           0           2           4
          44           0           0           2           4
          45           0           0           2           4
          46           0           0           2           4
          47           0           0           2           4
          48           0           0           2           4
          49           3           6           3          10
          50           0           0           3          10
          51           5          10           4          20
          52           0           0           4          20
          53           4           8           5          28
          54           0           0           5          28
          55           5          10           6          38
          56           1           2           7          40
          57           3           6           8          46
          58           2           4           9          50
          59          10          20          10          70
          60           5          10          11          80
          61           7          14          12          94
          62           4           8          13         102
          63           8          16          14         118
          64           3           6          15         124
          65          12          24          16         148
          66           5          10          17         158
          67           5          10          18         168
          68           4           8          19         176
          69           9          18          20         194
          70           5          10          21         204
          71           9          18          22         222
          72           4           8          23         230
          73           6          12          24         242
          74           4           8          25         250
          75           8          16          26         266
          76           0           0          26         266
          77           5          10          27         276
          78           9          18          28         294
          79           2           4          29         298
          80           4           8          30         306
          81           9          18          31         324
          82           5          10          32         334
          83           6          12          33         346
          84           5          10          34         356
          85           6          12          35         368
          86           3           6          36         374
          87           6          12          37         386
          88           5          10          38         396
          89           5          10          39         406
          90           3           6          40         412
          91           4           8          41         420
          92           5          10          42         430
          93           6          12          43         442
          94           5          10          44         452
          95           5          10          45         462
          96           5          10          46         472
          97           4           8          47         480
          98           6          12          48         492
          99           3           6          49         498
         100           4           8          50         506
