           1   1.9650947535881881E-014
           2   7.8166426470865479E-014
           3   8.4602515354529611E-014
           4   7.0257467198648937E-014
           5   3.9430162772851350E-014
           6   5.8564173740058162E-014
           7   4.3106801803096412E-014
           8   9.2471142724025455E-014
           9   1.7523610269710023E-013
          10   3.4947151518855771E-013
          11   6.7910901902148332E-013
          12   1.3801893558313812E-012
          13   2.7175191189818049E-012
          14   5.3725131382795623E-012
          15   1.0827636969277965E-011
          16   2.1947204280559670E-011
          17   4.3064763414564849E-011
          18   8.6296860121866864E-011
          19   1.7338207264351132E-010
          20   3.4830431232106761E-010
          21   6.9652316488636878E-010
          22   1.3921595182075809E-009
          23   2.7522888361071747E-009
          24   5.5271209125962196E-009
          25   1.0997129127981410E-008
          26   5.3126988182374615E-009
          27   5.2018056999575409E-009
          28   5.0719869509228182E-009
          29   4.9478710053698358E-009
          30   4.8483564660153020E-009
          31   4.7092805187312629E-009
          32   4.5418462758534333E-009
          33   4.4485769018435571E-009
          34   4.3729685094144457E-009
          35   4.2397321988012160E-009
          36   4.0668533496326959E-009
          37   3.9115362808651551E-009
          38   3.7188683388288761E-009
          39   3.5554156206115926E-009
          40   3.3979535857413548E-009
          41   3.3481485066601231E-009
          42   3.2256890903201281E-009
          43   2.9985481847056009E-009
          44   2.8094455306475375E-009
          45   2.8753347596679982E-009
          46   4.6799397454030556E-009
          47   9.3575118268859805E-009
          48   1.8760358259223305E-008
          49   9.7115098607878526E-009
          50   1.0071401813408191E-008
          51   1.0537828765369746E-008
          52   1.0936553740861340E-008
          53   1.1457062540981690E-008
          54   9.1471198745533329E-009
          55   9.3674505318609393E-009
          56   1.0678726053563594E-008
          57   1.2383289131565694E-008
          58   1.4662420970277514E-008
          59   1.2050567351932898E-008
          60   2.1351940774757709E-008
          61   2.0254335932205139E-008
          62   1.0585887915765929E-008
          63   1.5749349529324778E-008
          64   1.1053671805710329E-008
          65   1.1204030714323834E-008
          66   1.3408773427206412E-008
          67   1.1108737180254914E-008
          68   1.1179561272280146E-008
          69   2.0235626930992762E-008
          70   1.0384354715864262E-008
          71   1.1059503380401386E-008
          72   1.1540375397795072E-008
          73   1.1761609557997189E-008
          74   1.1532018029777818E-008
          75   1.2921663014080751E-008
          76   1.4721820077499142E-008
          77   1.0983331281415380E-008
          78   1.0806989013449049E-008
          79   1.0734733124541521E-008
          80   1.0648974297001584E-008
          81   1.0314326116389777E-008
          82   2.0260802653965430E-008
          83   9.8435995794845957E-009
          84   1.1281237213550131E-008
          85   1.1765100170835445E-008
          86   1.2382783662427906E-008
          87   1.3287576757786987E-008
          88   1.1624855495798508E-008
          89   1.1890833217246344E-008
          90   1.2611770135051241E-008
          91   1.2047256754381209E-008
          92   1.2331851282307740E-008
          93   1.2538270155281621E-008
          94   1.2747047987273904E-008
          95   1.4535856658705988E-008
          96   1.3475754404638146E-008
          97   1.4071616724045795E-008
          98   2.1344388404706645E-008
          99   1.9479788470736871E-008
         100   2.0187638467080810E-008
