           1   1.9650947535881881E-014
           2   7.4774279968130782E-014
           3   8.6693370335481282E-014
           4   8.5976850116879502E-014
           5   4.4123227724468814E-014
           6   7.8465543798057591E-014
           7   9.8245763926114281E-014
           8   1.6482021311901859E-013
           9   2.9815234237288215E-013
          10   5.9927106436905290E-013
          11   1.1724137698567842E-012
          12   2.3854886370703073E-012
          13   4.6911083825924369E-012
          14   9.2803751772750667E-012
          15   1.8700805961988900E-011
          16   3.7891545900914463E-011
          17   7.4343933070201902E-011
          18   1.4897729935701641E-010
          19   2.9931411513945448E-010
          20   6.0127890600125364E-010
          21   1.2024171391615401E-009
          22   2.4032935122887517E-009
          23   4.7513120736150892E-009
          24   9.5415537168738264E-009
          25   1.8984513905285869E-008
          26   9.1713916402587437E-009
          27   8.9799579245157356E-009
          28   8.7558522962034246E-009
          29   8.5415878263489556E-009
          30   8.3697886384231667E-009
          31   8.1297051304719798E-009
          32   7.8406531916498888E-009
          33   7.6796472265172730E-009
          34   7.5491285700548028E-009
          35   7.3191308577352964E-009
          36   7.0206820811844113E-009
          37   6.7525470387586954E-009
          38   6.4199469027264098E-009
          39   6.1377767202186426E-009
          40   5.8659571848646328E-009
          41   5.7799768812922917E-009
          42   5.5685597418806337E-009
          43   5.1764433156580957E-009
          44   4.8499867850512858E-009
          45   4.9637331763183418E-009
          46   5.5415478960975206E-009
          47   8.9065900089521522E-009
          48   1.7856326040356788E-008
          49   9.4666273134601989E-009
          50   9.9621708711546007E-009
          51   1.0655665156120754E-008
          52   1.1308683732868191E-008
          53   1.2110363783608060E-008
          54   1.3425129708298328E-008
          55   1.4002627264273624E-008
          56   1.4220507460369053E-008
          57   1.0521222953877134E-008
          58   1.9965741529757283E-008
          59   1.7517453404972199E-008
          60   1.7260279947637307E-008
          61   1.7242462140284189E-008
          62   1.7327386836184378E-008
          63   1.4333903521387592E-008
          64   1.7313997709565973E-008
          65   1.1331464626497285E-008
          66   1.1792045127072450E-008
          67   1.5662686389324287E-008
          68   1.0786151035689358E-008
          69   1.1408957741152475E-008
          70   1.1859734643448507E-008
          71   1.2179064092034459E-008
          72   1.3056369409584431E-008
          73   1.0682557155768841E-008
          74   1.2491351971262912E-008
          75   1.0813136860078740E-008
          76   1.1069708756213314E-008
          77   1.1061059575555205E-008
          78   1.1478983094038816E-008
          79   1.0953499627300298E-008
          80   1.0359871326228005E-008
          81   1.0763139989080687E-008
          82   1.0438220206856723E-008
          83   1.1433986038379219E-008
          84   1.1284496481681756E-008
          85   1.2752256390343037E-008
          86   1.1612873646040806E-008
          87   1.1007758338835886E-008
          88   1.1874933672066848E-008
          89   1.1809111647048482E-008
          90   1.2739760279093986E-008
          91   1.7635506514429679E-008
          92   1.4072786022733072E-008
          93   1.7343840944487064E-008
          94   1.8042970641223587E-008
          95   1.9643804315220811E-008
          96   1.2227936658392658E-008
          97   1.9906744061183653E-008
          98   1.7171035400890348E-008
          99   1.9316104097403147E-008
         100   1.3770425771481741E-008
