           1   1.9650947535881881E-014
           2   7.7604589436588081E-014
           3   8.9891278616059554E-014
           4   9.1086015616986174E-014
           5   6.7453787975623155E-014
           6   4.1541274113200994E-014
           7   6.3374693392660785E-014
           8   7.2155733529086229E-014
           9   7.3216263924719275E-014
          10   9.8672852187335483E-014
          11   1.2024676289225546E-013
          12   7.3841575313466949E-014
          13   4.7524834928130710E-014
          14   7.3017971847012923E-014
          15   1.1159625099320831E-013
          16   1.3151967772752378E-013
          17   1.0236399108352089E-013
          18   1.4007904116089489E-013
          19   1.5903250220572202E-013
          20   1.5706814071212111E-013
          21   1.2035860279525574E-013
          22   1.2150769414613635E-013
          23   1.2731381392360350E-013
          24   1.2083073147083563E-013
          25   1.3823410617984844E-013
          26   1.2637743705612049E-013
          27   1.1445293150624424E-013
          28   1.1904926325040903E-013
          29   1.0584450820264782E-013
          30   9.2480122723408476E-014
          31   1.2644741701346295E-013
          32   1.3743758683799491E-013
          33   1.0811755354390511E-013
          34   1.0686608092029682E-013
          35   9.2651297622060673E-014
          36   9.9916596819984080E-014
          37   1.3269258196585090E-013
          38   1.2520839864051813E-013
          39   1.5931873654812986E-013
          40   1.4309817475208235E-013
          41   1.4419291160571994E-013
          42   1.5971783636044581E-013
          43   1.7938409565717345E-013
          44   1.8164197787330448E-013
          45   1.5429671516368243E-013
          46   1.5517481997874475E-013
          47   2.0683056333285350E-013
          48   2.3974003198291187E-013
          49   2.2581512494178439E-013
          50   2.4480962481262131E-013
          51   4.9217287903983960E-013
          52   9.7925329741110399E-013
          53   1.9512162870142444E-012
          54   3.9024263210202651E-012
          55   7.8127124396858853E-012
          56   1.5532294454314246E-011
          57   3.1040257045947928E-011
          58   6.2037520114593973E-011
          59   1.2423672049852557E-010
          60   2.4723733628728668E-010
          61   4.9484398386429538E-010
          62   9.8813673511930767E-010
          63   1.9605273409459486E-009
          64   3.9334114795910935E-009
          65   7.8980905330216900E-009
          66   1.5797503397419095E-008
          67   5.0107196668490801E-015
          68   4.9901560601740816E-015
          69   1.2669346964864120E-014
          70   4.9218330093374274E-014
          71   4.8242792860748430E-014
          72   4.7958883438105545E-014
          73   4.6465396754814254E-014
          74   4.6875441997333636E-014
          75   9.1193046605439784E-014
          76   8.9963108225277872E-014
          77   9.1119291580756535E-014
          78   8.9682537666164352E-014
          79   8.9856904429550613E-014
          80   8.9966809623826503E-014
          81   9.0724984968951832E-014
          82   9.1608192937241954E-014
          83   9.3605192060512737E-014
          84   9.4166198459594056E-014
          85   9.4142755834736606E-014
          86   9.5180639508296248E-014
          87   9.6728125516576702E-014
          88   9.8218356147757273E-014
          89   9.9878663176294894E-014
          90   1.0140711652708299E-013
          91   1.0132061458149442E-013
          92   1.0189843995298250E-013
          93   1.0403922956327120E-013
          94   1.0482450993306598E-013
          95   1.0589662072693703E-013
          96   1.0613109333599413E-013
          97   1.0565804179655343E-013
          98   1.0529308720044927E-013
          99   1.0590499160318664E-013
         100   1.0559947027048142E-013
