           1   1.9650947535881881E-014
           2   7.9362637661012175E-014
           3   8.5695266486356197E-014
           4   7.0807458179309416E-014
           5   4.0067965065690846E-014
           6   7.7640424107363815E-014
           7   1.5214269752179134E-013
           8   3.1946225462863515E-013
           9   5.9591209098394189E-013
          10   1.2251834430013474E-012
          11   2.3962812010147853E-012
          12   4.8807858968430845E-012
          13   9.6002584629601544E-012
          14   1.8995405351524970E-011
          15   3.8287559309599283E-011
          16   7.7583088460332684E-011
          17   1.5222667431666522E-010
          18   3.0501666616941783E-010
          19   6.1279308673597314E-010
          20   1.2310280702704268E-009
          21   2.4617426607379490E-009
          22   4.9203861399572947E-009
          23   9.7276002591102747E-009
          24   1.9534892310839957E-008
          25   9.3396094979427630E-009
          26   9.1676729287385290E-009
          27   9.0869623687524832E-009
          28   8.9250600730544938E-009
          29   8.6254336847811130E-009
          30   8.3319345444561160E-009
          31   8.1370004480877599E-009
          32   7.8700401541724337E-009
          33   7.4853712370509513E-009
          34   7.1298785453357363E-009
          35   6.8559669384404112E-009
          36   6.5164695437805897E-009
          37   6.2494281641649769E-009
          38   5.9694478143574500E-009
          39   5.7868770593823363E-009
          40   5.5071923136405046E-009
          41   5.1508073176046086E-009
          42   5.0960891950748178E-009
          43   5.0552241597348230E-009
          44   9.8472673825305440E-009
          45   1.9777164972504704E-008
          46   1.0523067947026150E-008
          47   1.0884189417477829E-008
          48   1.1247627562881499E-008
          49   9.6818575703798695E-009
          50   9.6948376383157319E-009
          51   9.6272929657670061E-009
          52   1.0755244825289796E-008
          53   1.2940270965988002E-008
          54   1.1899191486745161E-008
          55   1.5413986018025586E-008
          56   1.2243523669865429E-008
          57   1.7482888577863065E-008
          58   1.1309366543703244E-008
          59   1.9393154640422943E-008
          60   1.9782653636170277E-008
          61   1.1045038404894235E-008
          62   1.0440300561010672E-008
          63   1.1268041071266515E-008
          64   1.1647714342812889E-008
          65   1.4654502714593914E-008
          66   1.1503948176659977E-008
          67   1.4225888705975874E-008
          68   9.9766658337433673E-009
          69   1.2473133875594761E-008
          70   1.1603522591024386E-008
          71   2.0660858388765776E-008
          72   1.1832373971669471E-008
          73   1.3079589287711612E-008
          74   1.1090642753100049E-008
          75   1.1724379582117758E-008
          76   1.2311312599224558E-008
          77   1.2263993896775281E-008
          78   1.5613871703886323E-008
          79   2.1073281807631257E-008
          80   1.5903214406905783E-008
          81   1.5131929325673054E-008
          82   1.1611306457863003E-008
          83   1.6428042860216456E-008
          84   1.1307684273435796E-008
          85   1.5760461717120746E-008
          86   1.7919659278254527E-008
          87   1.0643918494529700E-008
          88   1.0882094449793214E-008
          89   1.2898211813475363E-008
          90   1.1614369197398352E-008
          91   1.9114724014784213E-008
          92   1.4745912810891392E-008
          93   1.2327545376759322E-008
          94   1.0809103153508136E-008
          95   1.1601473308808315E-008
          96   1.5812133363214142E-008
          97   1.1572318360612051E-008
          98   1.2177409002976583E-008
          99   1.2514216097108949E-008
         100   2.0053647161754995E-008
