           1   1.9650947535881881E-014
           2   7.7604589436588081E-014
           3   8.9891278616059554E-014
           4   9.1086015616986174E-014
           5   6.7453787975623155E-014
           6   4.1541274113200994E-014
           7   6.3374693392660785E-014
           8   7.2155733529086229E-014
           9   7.3216263924719275E-014
          10   9.8672852187335483E-014
          11   1.2024676289225546E-013
          12   7.3841575313466949E-014
          13   4.7524834928130710E-014
          14   7.3017971847012923E-014
          15   1.1159625099320831E-013
          16   1.3151967772752378E-013
          17   1.0236399108352089E-013
          18   1.4007904116089489E-013
          19   1.5903250220572202E-013
          20   1.5706814071212111E-013
          21   1.2035860279525574E-013
          22   1.2150769414613635E-013
          23   1.2731381392360350E-013
          24   1.2083073147083563E-013
          25   1.3823410617984844E-013
          26   1.2637743705612049E-013
          27   1.1445293150624424E-013
          28   1.1904926325040903E-013
          29   1.0584450820264782E-013
          30   9.2480122723408476E-014
          31   1.2644741701346295E-013
          32   1.3743758683799491E-013
          33   1.0811755354390511E-013
          34   1.0686608092029682E-013
          35   9.2651297622060673E-014
          36   9.9916596819984080E-014
          37   1.3269258196585090E-013
          38   1.2520839864051813E-013
          39   1.5931873654812986E-013
          40   1.4309817475208235E-013
          41   1.4419291160571994E-013
          42   1.5971783636044581E-013
          43   1.7938409565717345E-013
          44   1.8164197787330448E-013
          45   1.5429671516368243E-013
          46   1.5517481997874475E-013
          47   2.0683056333285350E-013
          48   2.3974003198291187E-013
          49   2.2581512494178439E-013
          50   2.4480962481262131E-013
          51   4.9217287903983960E-013
          52   9.7925329741110399E-013
          53   1.9512162870142444E-012
          54   3.9024263210202651E-012
          55   7.8127124396858853E-012
          56   1.5532294454314246E-011
          57   3.1040257045947928E-011
          58   6.2037520114593973E-011
          59   1.2423672049852557E-010
          60   2.4723733628728668E-010
          61   4.9484398386429538E-010
          62   9.8813673511930767E-010
          63   1.9605273409459486E-009
          64   3.9334114795910935E-009
          65   7.8980905330216900E-009
          66   1.5797503397419095E-008
          67   3.1652541913626778E-008
          68   6.3169306562875297E-008
          69   1.2725543496565014E-007
          70   2.5382572564768649E-007
          71   5.0978133816808917E-007
          72   1.0170707961060027E-006
          73   2.0339327610936584E-006
          74   4.0470378082171287E-006
          75   8.1280927389984967E-006
          76   1.6272734996619969E-005
          77   3.2643824182176695E-005
          78   6.5044871242253197E-005
          79   1.2987556005511849E-004
          80   2.5950929734759251E-004
          81   5.2027756942720090E-004
          82   1.0407470773641288E-003
          83   2.0890424062121457E-003
          84   4.1728042616674685E-003
          85   8.3238687134315602E-003
          86   1.6761370621533860E-002
          87   3.3528710563874048E-002
          88   6.7173269700568763E-002
          89  0.13444834748849194     
          90  0.27220630518979777     
          91  0.56059528323399777     
          92   1.0796377545214708     
          93   1.3872773054322103     
          94   1.4817121234351642     
          95   1.4464551255282838     
          96   1.2072007100433499     
          97   1.3731231898681793     
          98   1.8785654582168285     
          99   1.8758541031388043     
         100   1.9025502906722158     
