           1   1.9650947535881881E-014
           2   7.7604589436588081E-014
           3   5.1389733529110791E-015
           4   6.2567259988530385E-014
           5   2.0838502856478485E-014
           6   2.5294904382382066E-014
           7   2.8929789932133466E-014
           8   2.2908391135888930E-014
           9   5.3405733151805970E-014
          10   3.7901560982630676E-014
          11   6.9331522631770625E-014
          12   5.4407226151379283E-014
          13   1.6308250731200968E-014
          14   6.2756815936422615E-014
          15   2.0415606492872448E-014
          16   3.1296620459560386E-014
          17   9.7586199417413657E-014
          18   9.8392642986598536E-014
          19   2.8416299921650885E-014
          20   1.6457640879828516E-014
          21   4.0098616213923209E-014
          22   1.5332121901143403E-014
          23   9.8692050009316590E-014
          24   5.0874712165911767E-014
          25   3.1837888948654276E-014
          26   3.9677675655745326E-014
          27   3.2062616749399792E-014
          28   5.4010952246843299E-014
          29   2.0408087742608197E-014
          30   8.8044335788226211E-014
          31   3.3873991866148208E-014
          32   4.2168631968446610E-014
          33   1.0082544890580003E-013
          34   1.1874707042580120E-014
          35   3.6808024879952080E-014
          36   3.5646185768114088E-014
          37   1.1125978201718439E-013
          38   8.2488027445193809E-014
          39   2.6757661116145568E-014
          40   8.1177245917385013E-014
          41   1.9597053379274188E-014
          42   8.2077371719611087E-014
          43   1.0887729878415031E-013
          44   2.0349988442257192E-014
          45   2.0895166921329903E-014
          46   4.5673841810723578E-014
          47   6.9952889991524016E-014
          48   3.6113196214720323E-014
          49   3.2798557088652420E-014
          50   2.9524948144829185E-014
          51   6.7063628668881230E-014
          52   5.1633446692159901E-014
          53   2.2710600361066733E-014
          54   4.5967724421735685E-014
          55   1.5298188555615807E-014
          56   2.5916805144832959E-014
          57   1.7399231756442449E-014
          58   3.0002993315490999E-014
          59   8.7691275658625669E-014
          60   6.2008939636925942E-014
          61   4.0772462139081925E-014
          62   7.1425789405406852E-014
          63   2.4030258287733671E-014
          64   2.8372145658766409E-014
          65   1.0395921168506144E-013
          66   6.2097467723730255E-014
          67   1.8351661035424676E-014
          68   1.6642448952266026E-014
          69   1.5323430406102264E-014
          70   3.6814111327959791E-014
          71   2.3341946942930181E-014
          72   4.0196684537393473E-014
          73   2.9871386823927230E-014
          74   2.0807356881286614E-014
          75   1.0417835834463187E-013
          76   2.9417981095076842E-014
          77   2.3178063322659314E-014
          78   7.2542537744144738E-014
          79   8.2547606406434556E-014
          80   1.8216886017697885E-014
          81   3.5406686494327305E-014
          82   5.9455500243992692E-014
          83   5.3586230629574123E-014
          84   5.3640256942081255E-014
          85   5.8171099377140935E-014
          86   4.0456789038450263E-014
          87   5.3137526348951446E-014
          88   2.1567520613383572E-014
          89   3.5630742255456020E-014
          90   3.0484199564690612E-014
          91   1.4647966007824178E-014
          92   1.9320309673135239E-014
          93   1.1849821920648862E-013
          94   2.5731899958639177E-014
          95   1.8440509918117763E-014
          96   2.4070492386937213E-014
          97   4.0087096051848661E-014
          98   3.2408215485935765E-014
          99   1.2812892129587395E-014
         100   3.0964166459584503E-014
