           1   1.9650947535881881E-014
           2   7.7604589436588081E-014
           3   5.1389733529110791E-015
           4   6.6818444086904668E-014
           5   1.9494439946300427E-014
           6   2.2453896394126824E-014
           7   3.7994302096510423E-014
           8   2.3377772811159511E-014
           9   5.1916469014796039E-014
          10   3.9636045975621756E-014
          11   7.4250699499752389E-014
          12   5.0878178418395738E-014
          13   5.6075470389091299E-015
          14   6.4413288086438280E-014
          15   1.8267946358200903E-014
          16   3.4163214853092149E-014
          17   9.1877975633499585E-014
          18   1.0041662796865215E-013
          19   2.9813674196045083E-014
          20   1.5493388674976396E-014
          21   3.6173742708783875E-014
          22   1.3621208414277855E-014
          23   1.0236845599531347E-013
          24   4.8755437952962559E-014
          25   3.4469060523320267E-014
          26   3.5316221875302327E-014
          27   3.1325228827890693E-014
          28   4.9490221394684381E-014
          29   3.6293336007498670E-015
          30   8.5184331100538271E-014
          31   3.2259203550163609E-014
          32   3.3903615994584872E-014
          33   9.8430041278403669E-014
          34   1.3944323535825786E-014
          35   3.4126313649318602E-014
          36   2.8225537962101370E-014
          37   1.1590237968561532E-013
          38   7.9323167606786016E-014
          39   2.6738754246804754E-014
          40   8.6126857263965391E-014
          41   2.7561987766336203E-014
          42   7.3016475349943845E-014
          43   9.4385041234677516E-014
          44   1.2540716189635865E-014
          45   2.6356817128253665E-014
          46   5.4692933165049127E-014
          47   7.4448663135947854E-014
          48   4.3191922284898868E-014
          49   2.5777982156422291E-014
          50   2.4418126418652807E-014
          51   6.7465953363907182E-014
          52   5.4883747465529870E-014
          53   2.2732085446947446E-014
          54   4.4597378415252751E-014
          55   1.1253857334014228E-014
          56   3.4358682871524417E-014
          57   8.3530933202521535E-015
          58   3.2784549952883271E-014
          59   9.0559940237154313E-014
          60   6.0869816247944768E-014
          61   4.1176135842438132E-014
          62   7.3761682756699506E-014
          63   2.0435539888277821E-014
          64   4.1721836169261671E-014
          65   9.4377706664808975E-014
          66   5.7781427359829457E-014
          67   1.3302615076597632E-014
          68   6.1281107537582856E-015
          69   8.1217809286767227E-015
          70   4.7915119904727786E-014
          71   2.1408650870058318E-014
          72   3.5267733165802389E-014
          73   3.1499714562247079E-014
          74   1.5508920032146035E-014
          75   9.5258403805900761E-014
          76   2.7482597070874144E-014
          77   2.7231069113372493E-014
          78   6.2059217624583182E-014
          79   7.7941558970633672E-014
          80   2.1565239703605853E-014
          81   3.3229403226177498E-014
          82   4.8213051511438975E-014
          83   4.5715073848441395E-014
          84   4.7983483452408370E-014
          85   5.0010189939898016E-014
          86   3.8146892602477936E-014
          87   4.7590513267828152E-014
          88   1.0377380943408056E-014
          89   3.7782856631290503E-014
          90   4.3488946841651243E-014
          91   1.9014593635281229E-014
          92   1.1188215538090793E-014
          93   1.1160317056387074E-013
          94   2.9103092928296477E-014
          95   1.7231787667935136E-014
          96   9.8532862325254896E-015
          97   3.5767817321554211E-014
          98   4.9339494572201719E-014
          99   4.1762203358867591E-015
         100   2.6411125357117601E-014
