           1   1.9650947535881881E-014
           2   7.7604589436588081E-014
           3   8.9891278616059554E-014
           4   6.7093542634823104E-014
           5   1.9353293563513752E-014
           6   2.2686150499053248E-014
           7   3.7070974604406698E-014
           8   2.3672856455930713E-014
           9   5.2406000948962525E-014
          10   3.9570372408577971E-014
          11   7.5504535807135270E-014
          12   5.0102675120706025E-014
          13   6.1094632019946741E-015
          14   6.4772048840374704E-014
          15   1.8219252130640089E-014
          16   3.3597938926572109E-014
          17   9.1342008589523097E-014
          18   9.7324912943875362E-014
          19   2.9299582834544943E-014
          20   1.5780375551126080E-014
          21   3.5349684729993159E-014
          22   1.4039020699904870E-014
          23   1.0203428266858338E-013
          24   4.8051673482510903E-014
          25   3.7945890524731436E-014
          26   3.3918274146352792E-014
          27   3.1992430359466770E-014
          28   4.7278274615936432E-014
          29   4.4456090848606748E-015
          30   8.5237281821641422E-014
          31   3.0958314246834529E-014
          32   3.4086842254088681E-014
          33   9.8027644985689963E-014
          34   1.4062082033519738E-014
          35   3.3981973001068366E-014
          36   2.5876749603672076E-014
          37   1.1820382796625378E-013
          38   8.0038526991881282E-014
          39   2.7228674887491039E-014
          40   8.4651374936094337E-014
          41   2.8419778494309403E-014
          42   7.4585107197194178E-014
          43   9.5666949956857025E-014
          44   1.1706339164498630E-014
          45   2.7064591972859503E-014
          46   5.6000376004162418E-014
          47   7.2269718233958125E-014
          48   4.2446961364428939E-014
          49   2.8288559497570980E-014
          50   2.4195368604029411E-014
          51   6.7095372348980894E-014
          52   5.2220827292974136E-014
          53   2.3284797764480367E-014
          54   4.1893162949150938E-014
          55   1.1911604504441315E-014
          56   3.2726951386371036E-014
          57   8.4032003773438190E-015
          58   3.4631822587622823E-014
          59   8.6825533170716578E-014
          60   6.2529330187009948E-014
          61   3.6883999043770757E-014
          62   7.4284277126295956E-014
          63   2.0000418514456463E-014
          64   3.5075743106950900E-014
          65   1.0172169324464489E-013
          66   6.2154144095893065E-014
          67   1.0482457284605953E-014
          68   7.5598198521546638E-015
          69   7.0925480593381725E-015
          70   4.0958537285157549E-014
          71   2.0910780204213298E-014
          72   3.2527522809676722E-014
          73   3.3558697185841454E-014
          74   1.7079630519032716E-014
          75   9.2383765655284367E-014
          76   2.4398705237856222E-014
          77   2.8621390702475970E-014
          78   6.1834996582350382E-014
          79   7.9866222880439619E-014
          80   2.2417860932444474E-014
          81   3.5148523197117100E-014
          82   4.5529429639689704E-014
          83   4.5759370386796562E-014
          84   5.1237399356526102E-014
          85   4.6153349016505949E-014
          86   3.6319280118759595E-014
          87   4.4895621221653849E-014
          88   1.1098369141621556E-014
          89   3.4327918366517335E-014
          90   4.3067405540489867E-014
          91   2.0590202693406822E-014
          92   9.0736424482598865E-015
          93   1.1153004299360464E-013
          94   2.9137112800096902E-014
          95   1.4143578161711140E-014
          96   8.8154398376190533E-015
          97   3.7593929443779559E-014
          98   4.8608035904744958E-014
          99   6.5675288928936363E-015
         100   2.6940872462601370E-014
