           1   1.9650947535881881E-014
           2   7.7604589436588081E-014
           3   5.1389733529110791E-015
           4   6.6818444086904668E-014
           5   1.9494439946300427E-014
           6   2.3357765684366584E-014
           7   3.7987254526986379E-014
           8   2.4365089291703892E-014
           9   5.4025985421234496E-014
          10   3.8540973039188774E-014
          11   7.3337224334654260E-014
          12   5.1715361970189907E-014
          13   5.3265658530219242E-015
          14   6.7669553988285411E-014
          15   1.7869704440773081E-014
          16   3.2217554597171434E-014
          17   8.9340262455643652E-014
          18   9.6816308632706627E-014
          19   2.9519829876232485E-014
          20   1.5877596479087002E-014
          21   3.6148008885767559E-014
          22   1.4643124100742959E-014
          23   1.0041306237640111E-013
          24   4.8516938778634794E-014
          25   3.5016458837833579E-014
          26   3.2437843441552493E-014
          27   3.2100975156101056E-014
          28   4.7513493318826251E-014
          29   4.8471789923288848E-015
          30   8.6601460548490463E-014
          31   3.2299803316894604E-014
          32   3.1876746098585927E-014
          33   9.7841075629116943E-014
          34   1.4342925800517962E-014
          35   3.4255440493555620E-014
          36   2.9769302168656002E-014
          37   1.1438461265626852E-013
          38   7.5269107976258947E-014
          39   2.5472126079651046E-014
          40   8.5143254205919718E-014
          41   2.7765518230715022E-014
          42   7.1607463669949912E-014
          43   9.5506912374080254E-014
          44   1.1022211920623689E-014
          45   2.7585472288715506E-014
          46   5.8063942348497333E-014
          47   7.1420553474974219E-014
          48   4.5636582149796884E-014
          49   2.5977990305924752E-014
          50   2.3830826176378110E-014
          51   6.5388819802541676E-014
          52   5.0626512438967316E-014
          53   2.4847187553242634E-014
          54   4.1284937561135912E-014
          55   1.4013047275054442E-014
          56   3.4897969036561129E-014
          57   6.5370024414674303E-015
          58   3.3029585162254354E-014
          59   8.8231497469599691E-014
          60   6.2918330013916361E-014
          61   4.3170793816710519E-014
          62   7.4569633334235823E-014
          63   1.9220806005245009E-014
          64   3.9702187303715596E-014
          65   9.4917608499165069E-014
          66   5.8223691995711166E-014
          67   9.6013424862775763E-015
          68   6.4920246830379563E-015
          69   7.5265069004148019E-015
          70   4.2759654221488273E-014
          71   2.0067163711456147E-014
          72   3.2563491763525222E-014
          73   3.3468091818338748E-014
          74   1.6639664478731297E-014
          75   9.6238849833544929E-014
          76   3.1402625015745832E-014
          77   3.3027323134052069E-014
          78   6.8609099554921580E-014
          79   7.9232317903808958E-014
          80   1.8039407322258967E-014
          81   3.1473882902376228E-014
          82   5.1127391712663210E-014
          83   4.5389214199897990E-014
          84   5.1862762351462399E-014
          85   4.6675480862521148E-014
          86   3.5600319363677853E-014
          87   4.6896121752945600E-014
          88   1.2632087536634784E-014
          89   3.5771745442440814E-014
          90   4.2626999487105631E-014
          91   1.2843347444404148E-014
          92   1.0384965822628691E-014
          93   1.1187034455606143E-013
          94   2.9814181725226443E-014
          95   1.5866915003272813E-014
          96   1.4127489694616423E-014
          97   3.9852233105268291E-014
          98   4.4948642761992686E-014
          99   3.1935712625991785E-015
         100   2.5769012782109914E-014
