           1   1.9650947535881881E-014
           2   7.7604589436588081E-014
           3   8.9891278616059554E-014
           4   9.1086015616986174E-014
           5   6.7453787975623155E-014
           6   4.1541274113200994E-014
           7   6.3374693392660785E-014
           8   7.2155733529086229E-014
           9   7.3216263924719275E-014
          10   9.8672852187335483E-014
          11   1.2024676289225546E-013
          12   7.3841575313466949E-014
          13   4.7524834928130710E-014
          14   7.3017971847012923E-014
          15   1.1159625099320831E-013
          16   1.3151967772752378E-013
          17   1.0236399108352089E-013
          18   1.4007904116089489E-013
          19   1.5903250220572202E-013
          20   1.5706814071212111E-013
          21   1.2035860279525574E-013
          22   1.2150769414613635E-013
          23   1.2731381392360350E-013
          24   1.2083073147083563E-013
          25   1.3823410617984844E-013
          26   1.2637743705612049E-013
          27   1.1445293150624424E-013
          28   1.1904926325040903E-013
          29   1.0584450820264782E-013
          30   9.2480122723408476E-014
          31   1.2644741701346295E-013
          32   1.3743758683799491E-013
          33   1.0811755354390511E-013
          34   1.0686608092029682E-013
          35   9.2651297622060673E-014
          36   9.9916596819984080E-014
          37   1.3269258196585090E-013
          38   1.2520839864051813E-013
          39   1.5931873654812986E-013
          40   1.4309817475208235E-013
          41   1.4419291160571994E-013
          42   1.5971783636044581E-013
          43   1.7938409565717345E-013
          44   1.8164197787330448E-013
          45   1.5429671516368243E-013
          46   1.5517481997874475E-013
          47   2.0683056333285350E-013
          48   2.3974003198291187E-013
          49   2.2581512494178439E-013
          50   2.4480962481262131E-013
          51   4.9217287903983960E-013
          52   9.7925329741110399E-013
          53   1.9512162870142444E-012
          54   3.9024263210202651E-012
          55   7.8127124396858853E-012
          56   1.5532294454314246E-011
          57   3.1040257045947928E-011
          58   6.2037520114593973E-011
          59   1.2423672049852557E-010
          60   6.0722951653417989E-011
          61   5.9231484721213867E-011
          62   5.7663068071804956E-011
          63   5.5610688827594344E-011
          64   5.3472476575766470E-011
          65   5.1572257072953614E-011
          66   4.9854902313529169E-011
          67   4.8679680402017005E-011
          68   4.7524288425392314E-011
          69   4.6644062665691788E-011
          70   4.5948256857155908E-011
          71   4.5778728398133582E-011
          72   4.6007417398821261E-011
          73   4.6152941551309831E-011
          74   4.5607774451688525E-011
          75   4.5208306253058663E-011
          76   4.5286129876547050E-011
          77   4.5819632875262473E-011
          78   4.6206932698353023E-011
          79   4.6439523133020691E-011
          80   4.6366915240461255E-011
          81   4.6075253679045739E-011
          82   4.6170575219057760E-011
          83   4.6997395258743460E-011
          84   4.8246225709881348E-011
          85   4.9355574642915697E-011
          86   5.0444541916440425E-011
          87   5.1983313275364191E-011
          88   5.3608314989700909E-011
          89   5.4830992264271123E-011
          90   5.6213639118946226E-011
          91   5.7561989122856804E-011
          92   1.0303719478362874E-010
          93   2.0611115275571202E-010
          94   1.0149364668194398E-010
          95   9.9506498422277663E-011
          96   9.6889455441599433E-011
          97   9.2469164267692798E-011
          98   1.0525475596318733E-010
          99   1.2277520585862460E-010
         100   1.1597314396069368E-010
