           1   1.9650947535881881E-014
           2   7.7604589436588081E-014
           3   8.9891278616059554E-014
           4   9.1086015616986174E-014
           5   6.7453787975623155E-014
           6   4.1541274113200994E-014
           7   6.3374693392660785E-014
           8   7.2155733529086229E-014
           9   7.3216263924719275E-014
          10   9.8672852187335483E-014
          11   1.2024676289225546E-013
          12   7.3841575313466949E-014
          13   4.7524834928130710E-014
          14   7.3017971847012923E-014
          15   1.1159625099320831E-013
          16   1.3151967772752378E-013
          17   1.0236399108352089E-013
          18   1.4007904116089489E-013
          19   1.5903250220572202E-013
          20   1.5706814071212111E-013
          21   1.2035860279525574E-013
          22   1.2150769414613635E-013
          23   1.2731381392360350E-013
          24   1.2083073147083563E-013
          25   1.3823410617984844E-013
          26   1.2637743705612049E-013
          27   1.1445293150624424E-013
          28   1.1904926325040903E-013
          29   1.0584450820264782E-013
          30   9.2480122723408476E-014
          31   1.2644741701346295E-013
          32   1.3743758683799491E-013
          33   1.0811755354390511E-013
          34   1.0686608092029682E-013
          35   9.2651297622060673E-014
          36   9.9916596819984080E-014
          37   1.3269258196585090E-013
          38   1.2520839864051813E-013
          39   1.5931873654812986E-013
          40   1.4309817475208235E-013
          41   1.4419291160571994E-013
          42   1.5971783636044581E-013
          43   1.7938409565717345E-013
          44   1.8164197787330448E-013
          45   1.5429671516368243E-013
          46   1.5517481997874475E-013
          47   2.0683056333285350E-013
          48   2.3974003198291187E-013
          49   2.2581512494178439E-013
          50   2.4480962481262131E-013
          51   4.9217287903983960E-013
          52   9.7925329741110399E-013
          53   1.9512162870142444E-012
          54   3.9024263210202651E-012
          55   7.8127124396858853E-012
          56   1.5532294454314246E-011
          57   3.1040257045947928E-011
          58   6.2037520114593973E-011
          59   1.2423672049852557E-010
          60   2.4723733628728668E-010
          61   4.9484398386429538E-010
          62   9.8813673511930767E-010
          63   1.9605273409459486E-009
          64   3.9334114795910935E-009
          65   7.8980905330216900E-009
          66   1.5797503397419095E-008
          67   7.9729102192431054E-009
          68   7.9250352916040121E-009
          69   7.9060145089050553E-009
          70   7.8912124318320714E-009
          71   7.8791245572875040E-009
          72   7.8794003428316148E-009
          73   7.8451934921930617E-009
          74   7.7364638833205775E-009
          75   7.5924367830121120E-009
          76   7.4818739620330187E-009
          77   7.4067045029955079E-009
          78   7.3620973358258131E-009
          79   7.2858711050615704E-009
          80   7.1726217560135114E-009
          81   7.0809260194637296E-009
          82   6.9891729018231915E-009
          83   6.9171261398164882E-009
          84   6.8756470238737847E-009
          85   6.8495022152901121E-009
          86   6.9015111275362437E-009
          87   6.9777643130747160E-009
          88   6.9995539722875295E-009
          89   7.0440825510575917E-009
          90   7.1458403283430189E-009
          91   7.2680657345257400E-009
          92   7.3621508606062961E-009
          93   7.4763452249051504E-009
          94   7.5976528089070211E-009
          95   7.7396856357901538E-009
          96   7.9260550788371766E-009
          97   8.1983003973227752E-009
          98   8.4692276480314890E-009
          99   8.7799396384678413E-009
         100   9.8532959482239686E-009
